 <defs>
  <style type="text/css">
   <![CDATA[
    .fil9 {fill:#373435;fill-rule:nonzero}
   ]]>
  </style>
 </defs>
  <g id="text">
     <path class="fil9" d="M1472 825c1,0 3,0 5,0 3,0 5,0 6,1 1,1 2,3 2,5 0,2 -1,3 -2,4 -1,2 -4,2 -6,2 -1,0 -2,0 -2,0l0 8 -3 0 0 -20zm3 10l0 0c0,0 1,0 2,0 3,0 5,-1 5,-4 0,-3 -2,-4 -5,-4 -1,0 -2,0 -2,0l0 8z"/>
     <path class="fil9" d="M1489 893c-3,-1 -6,-2 -8,-2 0,-1 -1,-1 -1,-1 -5,0 -9,-3 -9,-10 0,-6 4,-11 9,-11 6,0 9,5 9,11 0,5 -2,8 -5,9l0 0c2,1 4,1 5,2l0 2zm-2 -13l0 0c0,-4 -3,-9 -7,-9 -4,0 -6,5 -6,9 0,4 2,8 6,8 4,0 7,-4 7,-8z"/>
     <path class="fil9" d="M1472 915c1,-1 3,-1 5,-1 3,0 5,1 6,2 1,1 2,2 2,4 0,2 -2,4 -4,5l0 0c1,1 2,2 3,4 0,3 1,5 1,6l-2 0c-1,-1 -1,-3 -2,-5 0,-3 -2,-4 -4,-4l-2 0 0 9 -3 0 0 -20zm3 9l0 0 2 0c3,0 5,-2 5,-4 0,-3 -2,-4 -5,-4 -1,0 -2,0 -2,1l0 7z"/>
     <path class="fil9" d="M1472 976c1,1 3,2 4,2 3,0 5,-2 5,-4 0,-2 -1,-3 -4,-4 -4,-1 -6,-3 -6,-6 0,-3 3,-5 7,-5 2,0 4,0 4,1l0 2c-1,0 -2,-1 -4,-1 -3,0 -4,2 -4,3 0,2 1,3 4,4 4,1 5,3 5,6 0,3 -2,6 -7,6 -2,0 -4,-1 -5,-2l1 -2z"/>
     <polygon class="fil9" points="1476,1006 1470,1006 1470,1004 1485,1004 1485,1006 1479,1006 1479,1024 1476,1024 "/>
     <path class="fil9" d="M1475 1049l0 12c0,4 2,6 4,6 3,0 5,-2 5,-6l0 -12 3 0 0 11c0,7 -3,9 -8,9 -4,0 -7,-2 -7,-8l0 -12 3 0z"/>
     <path class="fil9" d="M1476 1114l-6 -21 3 0 3 10c1,3 1,6 2,8l0 0c1,-2 1,-5 2,-8l4 -10 3 0 -8 21 -3 0z"/>
     <path class="fil9" d="M1476 1159l-6 -21 3 0 3 11c0,2 1,5 1,7l0 0c1,-2 1,-5 2,-8l3 -10 2 0 3 11c0,2 1,4 1,6l0 0c1,-2 1,-4 2,-7l3 -10 2 0 -6 21 -2 0 -3 -11c0,-3 -1,-5 -1,-7l0 0c-1,2 -1,4 -2,7l-3 11 -2 0z"/>
     <path class="fil9" d="M1484 1252l-2 -4c-2,-2 -2,-3 -3,-4l0 0c0,1 -1,2 -2,4l-2 4 -3 0 6 -10 -6 -10 3 0 2 5c1,1 2,2 2,3l0 0c1,-1 1,-2 2,-3l3 -5 3 0 -6 10 6 10 -3 0z"/>
     <path class="fil9" d="M1478 1297l0 -9 -7 -11 3 0 3 5c1,2 1,3 2,4l0 0c1,-1 1,-2 2,-4l3 -5 3 0 -7 11 0 9 -2 0z"/>
     <polygon class="fil9" points="1471,1340 1483,1324 1483,1324 1472,1324 1472,1322 1486,1322 1486,1323 1475,1340 1475,1340 1486,1340 1486,1342 1471,1342 "/>
     <path class="fil9" d="M1476 1378l-2 7 -2 0 6 -20 4 0 6 20 -2 0 -2 -7 -8 0zm7 -2l0 0 -2 -5c0,-2 -1,-3 -1,-4l0 0c0,1 -1,2 -1,4l-2 5 6 0z"/>
     <path class="fil9" d="M1495 1378l-2 7 -3 0 7 -20 3 0 7 20 -3 0 -2 -7 -7 0zm6 -2l0 0 -2 -5c0,-2 0,-3 -1,-4l0 0c0,1 0,2 -1,4l-2 5 6 0z"/>
     <path class="fil9" d="M1471 1414c1,-1 3,-1 5,-1 2,0 4,1 5,2 1,0 2,2 2,3 0,2 -1,4 -4,5l0 0c2,0 5,2 5,5 0,2 -1,3 -2,4 -1,1 -4,2 -7,2 -2,0 -3,0 -4,0l0 -20zm2 8l0 0 3 0c3,0 4,-2 4,-4 0,-2 -2,-3 -4,-3 -1,0 -2,0 -3,0l0 7zm0 10l0 0c1,0 2,0 3,0 2,0 5,-1 5,-4 0,-3 -2,-4 -5,-4l-3 0 0 8z"/>
     <path class="fil9" d="M1487 1414c1,-1 3,-1 5,-1 3,0 4,1 5,2 2,0 2,2 2,3 0,2 -1,4 -3,5l0 0c2,0 4,2 4,5 0,2 -1,3 -2,4 -1,1 -3,2 -7,2 -2,0 -3,0 -4,0l0 -20zm3 8l0 0 2 0c3,0 5,-2 5,-4 0,-2 -2,-3 -5,-3 -1,0 -2,0 -2,0l0 7zm0 10l0 0c0,0 1,0 2,0 3,0 5,-1 5,-4 0,-3 -2,-4 -5,-4l-2 0 0 8z"/>
     <path class="fil9" d="M1486 1477c-1,1 -3,1 -6,1 -5,0 -10,-3 -10,-10 0,-6 5,-11 11,-11 3,0 4,1 5,1l-1 2c-1,0 -2,0 -4,0 -5,0 -8,3 -8,8 0,5 3,8 8,8 2,0 3,0 4,-1l1 2z"/>
     <path class="fil9" d="M1503 1477c-1,1 -3,1 -5,1 -6,0 -10,-3 -10,-10 0,-6 4,-11 10,-11 3,0 5,1 5,1l0 2c-1,0 -3,0 -4,0 -5,0 -8,3 -8,8 0,5 2,8 7,8 2,0 4,0 5,-1l0 2z"/>
     <path class="fil9" d="M1471 1502c1,0 3,0 5,0 4,0 7,1 9,3 1,1 2,4 2,7 0,3 -1,6 -2,8 -2,2 -5,3 -9,3 -2,0 -4,-1 -5,-1l0 -20zm2 18l0 0c1,0 2,0 3,0 6,0 9,-3 9,-8 0,-5 -3,-8 -8,-8 -2,0 -3,0 -4,0l0 16z"/>
     <path class="fil9" d="M1491 1502c1,0 3,0 5,0 4,0 7,1 9,3 1,1 2,4 2,7 0,3 -1,6 -2,8 -2,2 -5,3 -9,3 -2,0 -4,-1 -5,-1l0 -20zm2 18l0 0c1,0 2,0 3,0 6,0 9,-3 9,-8 0,-5 -3,-8 -8,-8 -2,0 -3,0 -4,0l0 16z"/>
     <polygon class="fil9" points="1481,1557 1473,1557 1473,1565 1482,1565 1482,1567 1471,1567 1471,1547 1482,1547 1482,1549 1473,1549 1473,1555 1481,1555 "/>
     <polygon class="fil9" points="1496,1557 1488,1557 1488,1565 1497,1565 1497,1567 1486,1567 1486,1547 1497,1547 1497,1549 1488,1549 1488,1555 1496,1555 "/>
     <path class="fil9" d="M1487 1610c-1,1 -3,1 -6,1 -3,0 -6,0 -8,-2 -2,-2 -3,-5 -3,-8 0,-6 5,-10 11,-10 3,0 5,0 5,1l0 2c-1,-1 -3,-1 -5,-1 -5,0 -8,3 -8,8 0,5 3,8 8,8 2,0 3,0 3,0l0 -6 -4 0 0 -2 7 0 0 9z"/>
     <path class="fil9" d="M1506 1610c-1,1 -3,1 -6,1 -3,0 -5,0 -7,-2 -2,-2 -3,-5 -3,-8 0,-6 4,-10 11,-10 2,0 4,0 5,1l-1 2c-1,-1 -2,-1 -4,-1 -5,0 -8,3 -8,8 0,5 3,8 7,8 2,0 3,0 4,0l0 -6 -4 0 0 -2 6 0 0 9z"/>
     <polygon class="fil9" points="1473,1635 1473,1644 1483,1644 1483,1635 1486,1635 1486,1656 1483,1656 1483,1646 1473,1646 1473,1656 1471,1656 1471,1635 "/>
     <polygon class="fil9" points="1493,1635 1493,1644 1503,1644 1503,1635 1505,1635 1505,1656 1503,1656 1503,1646 1493,1646 1493,1656 1490,1656 1490,1635 "/>
     <path class="fil9" d="M1471 1731l2 0 0 10 1 0c0,-1 1,-1 1,-2l6 -8 4 0 -8 9 8 12 -3 0 -7 -10 -2 2 0 8 -2 0 0 -21z"/>
     <path class="fil9" d="M1487 1731l3 0 0 10 0 0c0,-1 1,-1 1,-2l7 -8 3 0 -8 9 8 12 -3 0 -6 -10 -2 2 0 8 -3 0 0 -21z"/>
     <polygon class="fil9" points="1471,1777 1473,1777 1473,1795 1482,1795 1482,1798 1471,1798 "/>
     <polygon class="fil9" points="1485,1777 1488,1777 1488,1795 1496,1795 1496,1798 1485,1798 "/>
     <path class="fil9" d="M1488 1835c0,-3 0,-7 0,-9l0 0c-1,2 -2,5 -3,8l-4 9 -2 0 -3 -9c-1,-3 -2,-6 -2,-8l0 0c0,2 0,6 -1,9l0 9 -3 0 2 -21 3 0 4 10c0,3 1,5 2,7l0 0c0,-2 1,-4 2,-7l3 -10 4 0 1 21 -3 0 0 -9z"/>
     <path class="fil9" d="M1512 1835c0,-3 0,-7 0,-9l0 0c-1,2 -2,5 -3,8l-3 9 -2 0 -4 -9c-1,-3 -1,-6 -2,-8l0 0c0,2 0,6 0,9l-1 9 -2 0 1 -21 3 0 4 10c1,3 1,5 2,7l0 0c0,-2 1,-4 2,-7l4 -10 3 0 1 21 -2 0 -1 -9z"/>
     <path class="fil9" d="M1471 1890l0 -20 3 0 6 10c2,3 3,5 4,7l0 0c0,-3 0,-5 0,-9l0 -8 2 0 0 20 -3 0 -6 -10c-1,-2 -3,-5 -4,-7l0 0c0,3 0,5 0,9l0 8 -2 0z"/>
     <path class="fil9" d="M1491 1890l0 -20 2 0 7 10c1,3 3,5 4,7l0 0c-1,-3 -1,-5 -1,-9l0 -8 3 0 0 20 -3 0 -6 -10c-2,-2 -3,-5 -4,-7l0 0c0,3 0,5 0,9l0 8 -2 0z"/>
     <path class="fil9" d="M1489 1925c0,7 -4,10 -9,10 -6,0 -9,-4 -9,-10 0,-6 4,-11 9,-11 5,0 9,5 9,11zm-16 0l0 0c0,4 3,8 7,8 4,0 6,-4 6,-8 0,-4 -2,-8 -6,-8 -4,0 -7,4 -7,8z"/>
     <path class="fil9" d="M1510 1925c0,7 -4,10 -10,10 -5,0 -9,-4 -9,-10 0,-6 4,-11 10,-11 5,0 9,5 9,11zm-16 0l0 0c0,4 2,8 7,8 4,0 6,-4 6,-8 0,-4 -2,-8 -6,-8 -5,0 -7,4 -7,8z"/>
     <path class="fil9" d="M1471 1960c1,-1 3,-1 5,-1 2,0 4,1 6,2 1,1 1,2 1,4 0,2 0,4 -1,5 -2,1 -4,2 -6,2 -1,0 -2,0 -3,0l0 8 -2 0 0 -20zm2 9l0 0c1,1 2,1 3,1 3,0 5,-2 5,-5 0,-2 -2,-4 -5,-4 -1,0 -2,0 -3,1l0 7z"/>
     <path class="fil9" d="M1487 1960c1,-1 3,-1 5,-1 2,0 4,1 6,2 1,1 1,2 1,4 0,2 0,4 -1,5 -2,1 -4,2 -6,2 -1,0 -2,0 -3,0l0 8 -2 0 0 -20zm2 9l0 0c1,1 2,1 3,1 3,0 5,-2 5,-5 0,-2 -2,-4 -5,-4 -1,0 -2,0 -3,1l0 7z"/>
     <path class="fil9" d="M1488 2027c-2,0 -5,-1 -7,-2 -1,0 -1,0 -2,0 -4,0 -8,-4 -8,-10 0,-7 4,-11 9,-11 5,0 9,4 9,10 0,5 -2,9 -6,10l0 0c2,0 5,1 6,1l-1 2zm-2 -13l0 0c0,-4 -2,-8 -6,-8 -5,0 -7,4 -7,8 0,5 3,9 7,9 4,0 6,-4 6,-9z"/>
     <path class="fil9" d="M1509 2027c-3,0 -5,-1 -8,-2 0,0 0,0 -1,0 -5,0 -9,-4 -9,-10 0,-7 4,-11 10,-11 5,0 9,4 9,10 0,5 -3,9 -6,10l0 0c2,0 4,1 6,1l-1 2zm-2 -13l0 0c0,-4 -2,-8 -6,-8 -5,0 -7,4 -7,8 0,5 2,9 6,9 5,0 7,-4 7,-9z"/>
     <path class="fil9" d="M1471 2049c1,0 3,0 5,0 3,0 4,0 6,1 1,1 1,3 1,4 0,3 -1,5 -3,5l0 1c1,0 2,2 2,4 1,2 2,4 2,5l-3 0c0,0 0,-2 -1,-5 -1,-2 -2,-3 -4,-4l-3 0 0 9 -2 0 0 -20zm2 9l0 0 3 0c3,0 5,-1 5,-3 0,-3 -2,-4 -5,-4 -1,0 -2,0 -3,0l0 7z"/>
     <path class="fil9" d="M1487 2049c1,0 3,0 5,0 3,0 5,0 6,1 1,1 1,3 1,4 0,3 -1,5 -3,5l0 1c1,0 2,2 3,4 0,2 1,4 1,5l-2 0c-1,0 -1,-2 -2,-5 0,-2 -2,-3 -4,-4l-2 0 0 9 -3 0 0 -20zm3 9l0 0 2 0c3,0 5,-1 5,-3 0,-3 -2,-4 -5,-4 -1,0 -2,0 -2,0l0 7z"/>
     <path class="fil9" d="M1472 2111c1,0 3,1 4,1 3,0 5,-1 5,-3 0,-2 -2,-3 -4,-4 -4,-2 -6,-3 -6,-6 0,-3 3,-6 7,-6 2,0 4,1 4,1l0 2c-1,0 -2,0 -4,0 -3,0 -4,1 -4,3 0,1 1,2 4,3 3,2 5,3 5,6 0,4 -2,6 -7,6 -2,0 -4,0 -5,-1l1 -2z"/>
     <path class="fil9" d="M1486 2111c2,0 3,1 5,1 3,0 4,-1 4,-3 0,-2 -1,-3 -3,-4 -4,-2 -6,-3 -6,-6 0,-3 3,-6 7,-6 2,0 3,1 4,1l0 2c-1,0 -3,0 -4,0 -3,0 -4,1 -4,3 0,1 1,2 4,3 3,2 5,3 5,6 0,4 -2,6 -7,6 -2,0 -4,0 -5,-1l0 -2z"/>
     <polygon class="fil9" points="1476,2141 1470,2141 1470,2138 1485,2138 1485,2141 1479,2141 1479,2159 1476,2159 "/>
     <polygon class="fil9" points="1491,2141 1485,2141 1485,2138 1500,2138 1500,2141 1494,2141 1494,2159 1491,2159 "/>
     <path class="fil9" d="M82 135l-2 6 -3 0 7 -20 3 0 7 20 -3 0 -2 -6 -7 0zm7 -2l0 0 -2 -6c-1,-1 -1,-2 -1,-3l0 0c-1,1 -1,2 -1,3l-2 6 6 0z"/>
     <path class="fil9" d="M79 170c1,0 3,0 5,0 2,0 4,0 5,1 1,1 2,2 2,4 0,2 -2,3 -4,4l0 0c2,1 5,2 5,5 0,2 -1,3 -2,4 -2,2 -4,2 -7,2 -2,0 -3,0 -4,0l0 -20zm2 8l0 0 3 0c2,0 4,-1 4,-3 0,-2 -2,-3 -4,-3 -2,0 -2,0 -3,0l0 6zm0 10l0 0c1,0 2,0 3,0 2,0 5,-1 5,-4 0,-2 -3,-4 -5,-4l-3 0 0 8z"/>
     <path class="fil9" d="M93 234c-1,0 -3,1 -5,1 -6,0 -10,-4 -10,-10 0,-7 4,-11 10,-11 3,0 4,1 5,1l-1 2c-1,0 -2,-1 -4,-1 -5,0 -8,3 -8,9 0,4 3,8 8,8 2,0 3,-1 4,-1l1 2z"/>
     <path class="fil9" d="M79 259c1,0 3,0 5,0 4,0 7,0 8,2 2,2 3,4 3,7 0,4 -1,6 -3,8 -1,2 -5,3 -9,3 -1,0 -3,0 -4,0l0 -20zm2 18l0 0c1,0 2,0 3,0 6,0 9,-3 9,-9 0,-4 -3,-7 -9,-7 -1,0 -2,0 -3,0l0 16z"/>
     <polygon class="fil9" points="89,316 81,316 81,323 90,323 90,326 79,326 79,305 90,305 90,308 81,308 81,314 89,314 "/>
     <path class="fil9" d="M94 369c-1,1 -3,1 -6,1 -3,0 -6,0 -8,-2 -1,-2 -2,-5 -2,-8 0,-6 4,-10 11,-10 2,0 4,0 5,1l-1 2c-1,-1 -3,-1 -5,-1 -4,0 -8,3 -8,8 0,5 3,8 8,8 2,0 3,0 4,0l0 -6 -5 0 0 -2 7 0 0 9z"/>
     <polygon class="fil9" points="81,397 81,405 91,405 91,397 94,397 94,417 91,417 91,407 81,407 81,417 79,417 79,397 "/>
     <path class="fil9" d="M79 487l2 0 0 9 0 0c1,0 2,-1 2,-2l6 -7 3 0 -7 8 8 12 -3 0 -7 -10 -2 2 0 8 -2 0 0 -20z"/>
     <polygon class="fil9" points="79,533 81,533 81,551 90,551 90,553 79,553 "/>
     <path class="fil9" d="M96 589c0,-3 -1,-6 0,-9l-1 0c0,3 -1,5 -2,8l-4 10 -2 0 -3 -10c-1,-3 -2,-5 -2,-8l0 0c0,3 -1,6 -1,9l0 9 -3 0 2 -20 3 0 3 9c1,3 2,5 2,7l1 0c0,-2 1,-4 2,-7l3 -9 4 0 1 20 -3 0 0 -9z"/>
     <polygon class="fil9" points="82,442 82,462 79,462 79,442 "/>
     <path class="fil9" d="M1136 197l-2 7 -3 0 7 -21 3 0 7 21 -3 0 -2 -7 -7 0zm7 -2l0 0 -2 -6c-1,-1 -1,-2 -1,-3l0 0c-1,1 -1,2 -1,3l-2 6 6 0z"/>
     <path class="fil9" d="M1133 228c1,0 3,0 5,0 3,0 4,1 6,2 1,0 1,2 1,3 0,2 -1,4 -3,5l0 0c2,0 4,2 4,5 0,1 -1,3 -2,4 -1,1 -3,2 -7,2 -1,0 -3,0 -4,-1l0 -20zm3 9l0 0 2 0c3,0 5,-2 5,-4 0,-2 -2,-3 -5,-3 -1,0 -2,0 -2,0l0 7zm0 9l0 0c0,1 1,1 2,1 3,0 5,-1 5,-4 0,-3 -2,-4 -5,-4l-2 0 0 7z"/>
     <path class="fil9" d="M1147 293c-1,0 -2,1 -5,1 -6,0 -10,-4 -10,-11 0,-6 4,-10 11,-10 2,0 4,0 4,1l0 2c-1,-1 -3,-1 -4,-1 -5,0 -8,3 -8,8 0,5 3,8 8,8 1,0 3,0 4,0l0 2z"/>
     <path class="fil9" d="M1131 318c2,0 4,0 6,0 4,0 6,1 8,2 2,2 3,4 3,8 0,3 -1,6 -3,8 -2,1 -5,2 -9,2 -2,0 -3,0 -5,0l0 -20zm3 18l0 0c1,0 2,0 3,0 5,0 8,-3 8,-8 0,-5 -2,-8 -8,-8 -1,0 -2,0 -3,0l0 16z"/>
     <polygon class="fil9" points="1145,374 1137,374 1137,381 1145,381 1145,383 1134,383 1134,363 1145,363 1145,365 1137,365 1137,372 1145,372 "/>
     <path class="fil9" d="M1148 427c-1,1 -3,1 -6,1 -3,0 -6,0 -8,-2 -1,-2 -3,-5 -3,-8 0,-6 5,-10 11,-10 3,0 5,0 5,1l0 2c-1,-1 -3,-1 -5,-1 -5,0 -8,3 -8,8 0,5 3,8 8,8 2,0 3,0 3,0l0 -6 -4 0 0 -3 7 0 0 10z"/>
     <polygon class="fil9" points="1135,453 1135,461 1145,461 1145,453 1147,453 1147,473 1145,473 1145,464 1135,464 1135,473 1132,473 1132,453 "/>
     <polygon class="fil9" points="1141,498 1141,518 1138,518 1138,498 "/>
     <path class="fil9" d="M1133 543l2 0 0 9 0 0c1,0 1,-1 2,-2l6 -7 3 0 -7 8 8 12 -3 0 -7 -10 -2 2 0 8 -2 0 0 -20z"/>
     <polygon class="fil9" points="1134,587 1137,587 1137,605 1145,605 1145,608 1134,608 "/>
     <path class="fil9" d="M1147 644c0,-3 0,-6 0,-9l0 0c-1,2 -2,5 -3,8l-4 10 -1 0 -4 -10c-1,-3 -2,-6 -2,-8l0 0c0,3 0,6 -1,9l0 9 -3 0 2 -21 3 0 4 10c0,3 1,5 2,7l0 0c0,-2 1,-4 2,-7l3 -10 4 0 1 21 -2 0 -1 -9z"/>
     <path class="fil9" d="M1478 135l-2 6 -3 0 7 -20 3 0 7 20 -3 0 -2 -6 -7 0zm7 -2l0 0 -2 -6c-1,-1 -1,-2 -1,-3l0 0c-1,1 -1,2 -1,3l-2 6 6 0z"/>
     <path class="fil9" d="M1475 170c1,0 3,0 5,0 2,0 4,0 5,1 1,1 2,2 2,4 0,2 -1,3 -4,4l0 0c2,1 5,2 5,5 0,2 -1,3 -2,4 -1,2 -4,2 -7,2 -2,0 -3,0 -4,0l0 -20zm2 8l0 0 3 0c3,0 4,-1 4,-3 0,-2 -2,-3 -4,-3 -1,0 -2,0 -3,0l0 6zm0 10l0 0c1,0 2,0 3,0 2,0 5,-1 5,-4 0,-2 -2,-4 -5,-4l-3 0 0 8z"/>
     <path class="fil9" d="M1489 234c-1,0 -3,1 -5,1 -6,0 -10,-4 -10,-10 0,-7 4,-11 10,-11 3,0 4,1 5,1l-1 2c-1,0 -2,-1 -4,-1 -4,0 -8,3 -8,9 0,4 3,8 8,8 2,0 3,-1 4,-1l1 2z"/>
     <path class="fil9" d="M1475 259c1,0 3,0 5,0 4,0 7,0 9,2 1,2 2,4 2,7 0,4 -1,6 -2,8 -2,2 -5,3 -9,3 -2,0 -4,0 -5,0l0 -20zm2 18l0 0c1,0 2,0 3,0 6,0 9,-3 9,-9 0,-4 -3,-7 -8,-7 -2,0 -3,0 -4,0l0 16z"/>
     <polygon class="fil9" points="1485,316 1477,316 1477,323 1486,323 1486,326 1475,326 1475,305 1486,305 1486,308 1477,308 1477,314 1485,314 "/>
     <path class="fil9" d="M1490 369c-1,1 -3,1 -6,1 -3,0 -6,0 -8,-2 -1,-2 -2,-5 -2,-8 0,-6 4,-10 11,-10 2,0 4,0 5,1l-1 2c-1,-1 -2,-1 -4,-1 -5,0 -9,3 -9,8 0,5 4,8 8,8 2,0 3,0 4,0l0 -6 -4 0 0 -2 6 0 0 9z"/>
     <polygon class="fil9" points="1477,397 1477,405 1487,405 1487,397 1490,397 1490,417 1487,417 1487,407 1477,407 1477,417 1475,417 1475,397 "/>
     <path class="fil9" d="M1475 487l2 0 0 9 1 0c0,0 1,-1 1,-2l6 -7 4 0 -8 8 8 12 -3 0 -7 -10 -2 2 0 8 -2 0 0 -20z"/>
     <polygon class="fil9" points="1475,533 1477,533 1477,551 1486,551 1486,553 1475,553 "/>
     <path class="fil9" d="M1492 589c0,-3 0,-6 0,-9l0 0c-1,3 -2,5 -3,8l-4 10 -2 0 -3 -10c-1,-3 -2,-5 -2,-8l0 0c0,3 0,6 -1,9l0 9 -3 0 2 -20 3 0 4 9c0,3 1,5 2,7l0 0c0,-2 1,-4 2,-7l3 -9 4 0 1 20 -3 0 0 -9z"/>
     <polygon class="fil9" points="1478,442 1478,462 1475,462 1475,442 "/>
     <path class="fil9" d="M1349 756l0 -21 3 0 6 11c2,2 3,4 4,6l0 0c0,-2 0,-5 0,-8l0 -9 2 0 0 21 -2 0 -7 -11c-1,-2 -3,-4 -4,-6l0 0c0,2 1,5 1,8l0 9 -3 0z"/>
     <path class="fil9" d="M1366 790c0,7 -4,11 -9,11 -5,0 -9,-4 -9,-10 0,-7 4,-11 9,-11 6,0 9,4 9,10zm-15 0l0 0c0,5 2,9 6,9 4,0 7,-4 7,-9 0,-4 -2,-8 -7,-8 -4,0 -6,4 -6,8z"/>
     <path class="fil9" d="M201 751l0 -20 3 0 6 10c2,3 3,5 4,7l0 0c0,-3 0,-5 0,-9l0 -8 2 0 0 20 -3 0 -6 -10c-1,-2 -3,-5 -4,-7l0 0c0,3 0,5 0,8l0 9 -2 0z"/>
     <path class="fil9" d="M218 786c0,6 -4,10 -9,10 -6,0 -9,-4 -9,-10 0,-7 4,-11 9,-11 6,0 9,5 9,11zm-16 0l0 0c0,4 3,8 7,8 4,0 6,-4 6,-8 0,-4 -2,-9 -6,-9 -4,0 -7,4 -7,9z"/>
     <path class="fil9" d="M776 756l0 -21 3 0 6 11c2,2 3,4 4,6l0 0c0,-2 0,-5 0,-8l0 -9 2 0 0 21 -2 0 -7 -11c-1,-2 -3,-4 -4,-6l0 0c0,2 0,5 0,8l0 9 -2 0z"/>
     <path class="fil9" d="M793 790c0,7 -4,11 -10,11 -5,0 -9,-4 -9,-10 0,-7 4,-11 10,-11 5,0 9,4 9,10zm-16 0l0 0c0,5 3,9 7,9 4,0 6,-4 6,-9 0,-4 -2,-8 -6,-8 -5,0 -7,4 -7,8z"/>
     <path class="fil9" d="M777 825c2,0 3,0 5,0 3,0 5,0 6,1 1,1 2,3 2,5 0,2 -1,3 -2,4 -1,2 -3,2 -6,2 -1,0 -1,0 -2,0l0 8 -3 0 0 -20zm3 10l0 0c1,0 1,0 2,0 3,0 5,-1 5,-4 0,-3 -2,-4 -5,-4 -1,0 -2,0 -2,0l0 8z"/>
     <path class="fil9" d="M792 893c-3,-1 -5,-2 -8,-2 0,-1 0,-1 -1,-1 -5,0 -9,-3 -9,-10 0,-6 4,-11 10,-11 5,0 9,5 9,11 0,5 -3,8 -6,9l0 0c2,1 4,1 6,2l-1 2zm-2 -13l0 0c0,-4 -2,-9 -6,-9 -5,0 -7,5 -7,9 0,4 2,8 7,8 4,0 6,-4 6,-8z"/>
     <path class="fil9" d="M777 915c1,-1 3,-1 5,-1 3,0 5,1 6,2 1,1 2,2 2,4 0,2 -2,4 -4,5l0 0c1,1 2,2 3,4 0,3 1,5 1,6l-2 0c-1,-1 -1,-3 -2,-5 0,-3 -2,-4 -4,-4l-2 0 0 9 -3 0 0 -20zm3 9l0 0 2 0c3,0 5,-2 5,-4 0,-3 -2,-4 -5,-4 -1,0 -2,0 -2,1l0 7z"/>
     <path class="fil9" d="M778 976c1,1 3,2 5,2 3,0 4,-2 4,-4 0,-2 -1,-3 -4,-4 -3,-1 -5,-3 -5,-6 0,-3 3,-5 6,-5 3,0 4,0 5,1l-1 2c0,0 -2,-1 -4,-1 -2,0 -3,2 -3,3 0,2 1,3 4,4 3,1 5,3 5,6 0,3 -3,6 -7,6 -2,0 -4,-1 -5,-2l0 -2z"/>
     <polygon class="fil9" points="782,1006 776,1006 776,1004 791,1004 791,1006 785,1006 785,1024 782,1024 "/>
     <path class="fil9" d="M779 1049l0 12c0,4 2,6 5,6 3,0 4,-2 4,-6l0 -12 3 0 0 11c0,7 -3,9 -8,9 -4,0 -7,-2 -7,-8l0 -12 3 0z"/>
     <path class="fil9" d="M782 1114l-7 -21 3 0 3 10c1,3 2,6 2,8l0 0c1,-2 2,-5 3,-8l3 -10 3 0 -7 21 -3 0z"/>
     <path class="fil9" d="M776 1159l-5 -21 3 0 2 11c1,2 2,5 2,7l0 0c0,-2 1,-5 2,-8l2 -10 3 0 3 11c0,2 1,4 1,6l0 0c0,-2 1,-4 2,-7l2 -10 3 0 -6 21 -2 0 -3 -11c-1,-3 -1,-5 -1,-7l0 0c-1,2 -1,4 -2,7l-3 11 -3 0z"/>
     <path class="fil9" d="M780 197l-2 7 -3 0 7 -21 3 0 7 21 -3 0 -2 -7 -7 0zm7 -2l0 0 -2 -6c-1,-1 -1,-2 -1,-3l0 0c-1,1 -1,2 -2,3l-1 6 6 0z"/>
     <path class="fil9" d="M777 228c1,0 3,0 5,0 3,0 4,1 6,2 1,0 1,2 1,3 0,2 -1,4 -3,5l0 0c2,0 4,2 4,5 0,1 -1,3 -2,4 -1,1 -3,2 -7,2 -1,0 -3,0 -4,-1l0 -20zm3 9l0 0 2 0c3,0 5,-2 5,-4 0,-2 -2,-3 -5,-3 -1,0 -2,0 -2,0l0 7zm0 9l0 0c0,1 1,1 2,1 3,0 5,-1 5,-4 0,-3 -2,-4 -5,-4l-2 0 0 7z"/>
     <path class="fil9" d="M791 293c-1,0 -3,1 -5,1 -6,0 -10,-4 -10,-11 0,-6 4,-10 11,-10 2,0 4,0 4,1l0 2c-1,-1 -3,-1 -4,-1 -5,0 -8,3 -8,8 0,5 3,8 7,8 2,0 4,0 5,0l0 2z"/>
     <path class="fil9" d="M775 318c2,0 4,0 6,0 4,0 6,1 8,2 2,2 3,4 3,8 0,3 -1,6 -3,8 -2,1 -5,2 -9,2 -2,0 -3,0 -5,0l0 -20zm3 18l0 0c1,0 2,0 3,0 5,0 8,-3 8,-8 0,-5 -2,-8 -8,-8 -1,0 -2,0 -3,0l0 16z"/>
     <polygon class="fil9" points="788,374 781,374 781,381 789,381 789,383 778,383 778,363 789,363 789,365 781,365 781,372 788,372 "/>
     <path class="fil9" d="M792 427c-1,1 -4,1 -6,1 -3,0 -6,0 -8,-2 -2,-2 -3,-5 -3,-8 0,-6 5,-10 11,-10 3,0 4,0 5,1l0 2c-1,-1 -3,-1 -5,-1 -5,0 -8,3 -8,8 0,5 3,8 8,8 2,0 3,0 3,0l0 -6 -4 0 0 -3 7 0 0 10z"/>
     <polygon class="fil9" points="779,453 779,461 789,461 789,453 791,453 791,473 789,473 789,464 779,464 779,473 776,473 776,453 "/>
     <polygon class="fil9" points="785,498 785,518 782,518 782,498 "/>
     <path class="fil9" d="M776 543l3 0 0 9 0 0c1,0 1,-1 2,-2l6 -7 3 0 -7 8 8 12 -3 0 -7 -10 -2 2 0 8 -3 0 0 -20z"/>
     <polygon class="fil9" points="778,587 781,587 781,605 789,605 789,608 778,608 "/>
     <path class="fil9" d="M791 644c0,-3 0,-6 0,-9l0 0c-1,2 -2,5 -3,8l-4 10 -2 0 -3 -10c-1,-3 -2,-6 -2,-8l0 0c0,3 0,6 -1,9l0 9 -3 0 2 -21 3 0 3 10c1,3 2,5 3,7l0 0c0,-2 1,-4 2,-7l3 -10 4 0 1 21 -3 0 0 -9z"/>
     <path class="fil9" d="M75 825c1,0 3,0 5,0 2,0 4,0 5,1 2,1 2,3 2,5 0,2 0,3 -1,4 -2,2 -4,2 -7,2 0,0 -1,0 -2,0l0 8 -2 0 0 -20zm2 10l0 0c1,0 2,0 2,0 4,0 6,-1 6,-4 0,-3 -2,-4 -5,-4 -1,0 -2,0 -3,0l0 8z"/>
     <path class="fil9" d="M91 893c-2,-1 -5,-2 -7,-2 -1,-1 -1,-1 -2,-1 -4,0 -8,-3 -8,-10 0,-6 3,-11 9,-11 5,0 9,5 9,11 0,5 -2,8 -6,9l0 0c2,1 4,1 6,2l-1 2zm-2 -13l0 0c0,-4 -2,-9 -6,-9 -5,0 -7,5 -7,9 0,4 3,8 7,8 4,0 6,-4 6,-8z"/>
     <path class="fil9" d="M75 915c1,-1 3,-1 5,-1 3,0 4,1 6,2 1,1 1,2 1,4 0,2 -1,4 -4,5l0 0c2,1 3,2 3,4 1,3 1,5 2,6l-3 0c0,-1 -1,-3 -1,-5 -1,-3 -2,-4 -4,-4l-3 0 0 9 -2 0 0 -20zm2 9l0 0 3 0c3,0 5,-2 5,-4 0,-3 -2,-4 -5,-4 -1,0 -2,0 -3,1l0 7z"/>
     <path class="fil9" d="M74 976c2,1 3,2 5,2 3,0 4,-2 4,-4 0,-2 -1,-3 -4,-4 -3,-1 -5,-3 -5,-6 0,-3 3,-5 7,-5 2,0 3,0 4,1l-1 2c0,0 -2,-1 -3,-1 -3,0 -4,2 -4,3 0,2 1,3 4,4 3,1 5,3 5,6 0,3 -2,6 -7,6 -2,0 -4,-1 -5,-2l0 -2z"/>
     <polygon class="fil9" points="79,1006 72,1006 72,1004 87,1004 87,1006 81,1006 81,1024 79,1024 "/>
     <path class="fil9" d="M77 1049l0 12c0,4 2,6 5,6 3,0 5,-2 5,-6l0 -12 3 0 0 11c0,7 -4,9 -8,9 -4,0 -7,-2 -7,-8l0 -12 2 0z"/>
     <path class="fil9" d="M79 1114l-6 -21 2 0 4 10c0,3 1,6 2,8l0 0c0,-2 1,-5 2,-8l3 -10 3 0 -7 21 -3 0z"/>
     <path class="fil9" d="M78 1159l-5 -21 3 0 2 11c1,2 1,5 2,7l0 0c0,-2 1,-5 2,-8l2 -10 3 0 2 11c1,2 2,4 2,6l0 0c0,-2 1,-4 2,-7l2 -10 3 0 -6 21 -3 0 -2 -11c-1,-3 -1,-5 -1,-7l-1 0c0,2 0,4 -1,7l-3 11 -3 0z"/>
     <path class="fil9" d="M94 1252l-2 -4c-1,-2 -2,-3 -3,-4l0 0c0,1 -1,2 -2,4l-2 4 -3 0 6 -10 -6 -10 3 0 3 5c0,1 1,2 2,3l0 0c0,-1 1,-2 1,-3l3 -5 3 0 -6 10 6 10 -3 0z"/>
     <path class="fil9" d="M88 1297l0 -9 -7 -11 3 0 3 5c1,2 1,3 2,4l0 0c1,-1 1,-2 2,-4l3 -5 3 0 -7 11 0 9 -2 0z"/>
     <polygon class="fil9" points="84,1340 95,1324 95,1324 85,1324 85,1322 99,1322 99,1323 88,1340 88,1340 99,1340 99,1342 84,1342 "/>
     <path class="fil9" d="M63 1378l-2 7 -3 0 7 -20 3 0 7 20 -2 0 -3 -7 -7 0zm7 -2l0 0 -2 -5c-1,-2 -1,-3 -1,-4l0 0c-1,1 -1,2 -1,4l-2 5 6 0z"/>
     <path class="fil9" d="M82 1378l-2 7 -3 0 7 -20 3 0 7 20 -3 0 -2 -7 -7 0zm6 -2l0 0 -2 -5c0,-2 0,-3 -1,-4l0 0c0,1 0,2 -1,4l-2 5 6 0z"/>
     <path class="fil9" d="M61 1414c1,-1 3,-1 5,-1 3,0 4,1 6,2 1,0 1,2 1,3 0,2 -1,4 -3,5l0 0c2,0 4,2 4,5 0,2 -1,3 -2,4 -1,1 -3,2 -7,2 -1,0 -3,0 -4,0l0 -20zm3 8l0 0 2 0c3,0 5,-2 5,-4 0,-2 -2,-3 -5,-3 -1,0 -2,0 -2,0l0 7zm0 10l0 0c0,0 1,0 2,0 3,0 5,-1 5,-4 0,-3 -2,-4 -5,-4l-2 0 0 8z"/>
     <path class="fil9" d="M78 1414c1,-1 3,-1 4,-1 3,0 5,1 6,2 1,0 2,2 2,3 0,2 -2,4 -4,5l0 0c2,0 4,2 4,5 0,2 0,3 -1,4 -2,1 -4,2 -7,2 -2,0 -4,0 -4,0l0 -20zm2 8l0 0 3 0c2,0 4,-2 4,-4 0,-2 -2,-3 -4,-3 -2,0 -2,0 -3,0l0 7zm0 10l0 0c1,0 1,0 2,0 3,0 6,-1 6,-4 0,-3 -3,-4 -6,-4l-2 0 0 8z"/>
     <path class="fil9" d="M76 1477c-1,1 -3,1 -6,1 -6,0 -10,-3 -10,-10 0,-6 4,-11 11,-11 2,0 4,1 5,1l-1 2c-1,0 -2,0 -4,0 -5,0 -8,3 -8,8 0,5 3,8 8,8 1,0 3,0 4,-1l1 2z"/>
     <path class="fil9" d="M93 1477c-1,1 -3,1 -5,1 -6,0 -10,-3 -10,-10 0,-6 4,-11 10,-11 3,0 4,1 5,1l-1 2c-1,0 -2,0 -4,0 -4,0 -8,3 -8,8 0,5 3,8 8,8 2,0 3,0 4,-1l1 2z"/>
     <path class="fil9" d="M61 1502c2,0 4,0 6,0 4,0 6,1 8,3 2,1 3,4 3,7 0,3 -1,6 -3,8 -2,2 -5,3 -9,3 -2,0 -3,-1 -5,-1l0 -20zm3 18l0 0c1,0 2,0 3,0 5,0 8,-3 8,-8 0,-5 -2,-8 -8,-8 -1,0 -2,0 -3,0l0 16z"/>
     <path class="fil9" d="M81 1502c2,0 4,0 6,0 4,0 6,1 8,3 2,1 3,4 3,7 0,3 -1,6 -3,8 -2,2 -5,3 -9,3 -2,0 -3,-1 -5,-1l0 -20zm3 18l0 0c1,0 2,0 3,0 5,0 8,-3 8,-8 0,-5 -2,-8 -8,-8 -1,0 -2,0 -3,0l0 16z"/>
     <polygon class="fil9" points="75,1557 67,1557 67,1565 76,1565 76,1567 65,1567 65,1547 76,1547 76,1549 67,1549 67,1555 75,1555 "/>
     <polygon class="fil9" points="90,1557 82,1557 82,1565 91,1565 91,1567 79,1567 79,1547 90,1547 90,1549 82,1549 82,1555 90,1555 "/>
     <path class="fil9" d="M74 1610c-1,1 -4,1 -6,1 -4,0 -6,0 -8,-2 -2,-2 -3,-5 -3,-8 0,-6 4,-10 11,-10 2,0 4,0 5,1l0 2c-2,-1 -3,-1 -5,-1 -5,0 -8,3 -8,8 0,5 3,8 8,8 1,0 3,0 3,0l0 -6 -4 0 0 -2 7 0 0 9z"/>
     <path class="fil9" d="M93 1610c-1,1 -3,1 -6,1 -3,0 -6,0 -8,-2 -1,-2 -2,-5 -2,-8 0,-6 4,-10 10,-10 3,0 5,0 6,1l-1 2c-1,-1 -3,-1 -5,-1 -4,0 -8,3 -8,8 0,5 3,8 8,8 2,0 3,0 4,0l0 -6 -5 0 0 -2 7 0 0 9z"/>
     <polygon class="fil9" points="65,1635 65,1644 75,1644 75,1635 77,1635 77,1656 75,1656 75,1646 65,1646 65,1656 62,1656 62,1635 "/>
     <polygon class="fil9" points="84,1635 84,1644 94,1644 94,1635 97,1635 97,1656 94,1656 94,1646 84,1646 84,1656 82,1656 82,1635 "/>
     <path class="fil9" d="M60 1731l3 0 0 10 0 0c0,-1 1,-1 1,-2l6 -8 4 0 -8 9 8 12 -3 0 -7 -10 -1 2 0 8 -3 0 0 -21z"/>
     <path class="fil9" d="M76 1731l3 0 0 10 0 0c0,-1 1,-1 1,-2l7 -8 3 0 -7 9 7 12 -3 0 -6 -10 -2 2 0 8 -3 0 0 -21z"/>
     <polygon class="fil9" points="67,1777 70,1777 70,1795 79,1795 79,1798 67,1798 "/>
     <polygon class="fil9" points="82,1777 84,1777 84,1795 93,1795 93,1798 82,1798 "/>
     <path class="fil9" d="M72 1835c0,-3 0,-7 0,-9l0 0c-1,2 -2,5 -3,8l-3 9 -2 0 -3 -9c-1,-3 -2,-6 -3,-8l0 0c0,2 0,6 0,9l-1 9 -2 0 1 -21 4 0 3 10c1,3 2,5 2,7l0 0c1,-2 1,-4 2,-7l4 -10 3 0 1 21 -2 0 -1 -9z"/>
     <path class="fil9" d="M97 1835c-1,-3 -1,-7 -1,-9l0 0c-1,2 -1,5 -2,8l-4 9 -2 0 -3 -9c-1,-3 -2,-6 -3,-8l0 0c0,2 0,6 0,9l-1 9 -2 0 1 -21 4 0 3 10c1,3 2,5 2,7l0 0c1,-2 2,-4 2,-7l4 -10 3 0 2 21 -3 0 0 -9z"/>
     <path class="fil9" d="M62 1890l0 -20 3 0 7 10c1,3 2,5 3,7l0 0c0,-3 0,-5 0,-9l0 -8 2 0 0 20 -2 0 -7 -10c-1,-2 -2,-5 -3,-7l0 0c0,3 0,5 0,9l0 8 -3 0z"/>
     <path class="fil9" d="M82 1890l0 -20 3 0 6 10c2,3 3,5 4,7l0 0c0,-3 0,-5 0,-9l0 -8 2 0 0 20 -2 0 -7 -10c-1,-2 -3,-5 -4,-7l0 0c0,3 0,5 0,9l0 8 -2 0z"/>
     <path class="fil9" d="M75 1925c0,7 -4,10 -9,10 -6,0 -9,-4 -9,-10 0,-6 4,-11 9,-11 5,0 9,5 9,11zm-16 0l0 0c0,4 3,8 7,8 4,0 6,-4 6,-8 0,-4 -2,-8 -6,-8 -5,0 -7,4 -7,8z"/>
     <path class="fil9" d="M96 1925c0,7 -5,10 -10,10 -5,0 -9,-4 -9,-10 0,-6 4,-11 10,-11 5,0 9,5 9,11zm-16 0l0 0c0,4 2,8 6,8 5,0 7,-4 7,-8 0,-4 -2,-8 -7,-8 -4,0 -6,4 -6,8z"/>
     <path class="fil9" d="M65 1960c1,-1 2,-1 5,-1 2,0 4,1 5,2 1,1 2,2 2,4 0,2 -1,4 -2,5 -1,1 -3,2 -6,2 -1,0 -1,0 -2,0l0 8 -2 0 0 -20zm2 9l0 0c1,1 1,1 2,1 3,0 5,-2 5,-5 0,-2 -1,-4 -4,-4 -2,0 -2,0 -3,1l0 7z"/>
     <path class="fil9" d="M81 1960c1,-1 2,-1 5,-1 2,0 4,1 5,2 1,1 2,2 2,4 0,2 -1,4 -2,5 -1,1 -3,2 -6,2 -1,0 -1,0 -2,0l0 8 -2 0 0 -20zm2 9l0 0c1,1 1,1 2,1 3,0 5,-2 5,-5 0,-2 -2,-4 -4,-4 -2,0 -2,0 -3,1l0 7z"/>
     <path class="fil9" d="M74 2027c-3,0 -6,-1 -8,-2 -1,0 -1,0 -1,0 -5,0 -9,-4 -9,-10 0,-7 4,-11 9,-11 6,0 9,4 9,10 0,5 -2,9 -6,10l0 0c2,0 5,1 6,1l0 2zm-3 -13l0 0c0,-4 -2,-8 -6,-8 -4,0 -7,4 -6,8 -1,5 2,9 6,9 4,0 6,-4 6,-9z"/>
     <path class="fil9" d="M94 2027c-2,0 -5,-1 -7,-2 -1,0 -1,0 -2,0 -4,0 -9,-4 -9,-10 0,-7 4,-11 10,-11 5,0 9,4 9,10 0,5 -2,9 -6,10l0 0c2,0 4,1 6,1l-1 2zm-2 -13l0 0c0,-4 -2,-8 -6,-8 -5,0 -7,4 -7,8 0,5 3,9 7,9 4,0 6,-4 6,-9z"/>
     <path class="fil9" d="M60 2049c1,0 3,0 5,0 3,0 5,0 6,1 1,1 1,3 1,4 0,3 -1,5 -3,5l0 1c1,0 2,2 3,4 0,2 1,4 1,5l-3 0c0,0 0,-2 -1,-5 0,-2 -2,-3 -4,-4l-2 0 0 9 -3 0 0 -20zm3 9l0 0 2 0c3,0 5,-1 5,-3 0,-3 -2,-4 -5,-4 -1,0 -2,0 -2,0l0 7z"/>
     <path class="fil9" d="M76 2049c1,0 3,0 5,0 3,0 5,0 6,1 1,1 2,3 2,4 0,3 -2,5 -4,5l0 1c1,0 2,2 3,4 0,2 1,4 1,5l-2 0c-1,0 -1,-2 -2,-5 0,-2 -1,-3 -4,-4l-2 0 0 9 -3 0 0 -20zm3 9l0 0 2 0c3,0 5,-1 5,-3 0,-3 -2,-4 -5,-4 -1,0 -2,0 -2,0l0 7z"/>
     <path class="fil9" d="M64 2111c1,0 3,1 5,1 3,0 4,-1 4,-3 0,-2 -1,-3 -4,-4 -3,-2 -5,-3 -5,-6 0,-3 3,-6 7,-6 2,0 3,1 4,1l-1 2c0,0 -2,0 -3,0 -3,0 -4,1 -4,3 0,1 1,2 4,3 3,2 5,3 5,6 0,4 -2,6 -7,6 -2,0 -4,0 -5,-1l0 -2z"/>
     <path class="fil9" d="M79 2111c1,0 3,1 5,1 2,0 4,-1 4,-3 0,-2 -1,-3 -4,-4 -3,-2 -5,-3 -5,-6 0,-3 2,-6 6,-6 2,0 4,1 5,1l-1 2c0,0 -2,0 -4,0 -2,0 -3,1 -3,3 0,1 1,2 4,3 3,2 5,3 5,6 0,4 -3,6 -7,6 -2,0 -4,0 -6,-1l1 -2z"/>
     <polygon class="fil9" points="71,2141 65,2141 65,2138 80,2138 80,2141 74,2141 74,2159 71,2159 "/>
     <polygon class="fil9" points="86,2141 80,2141 80,2138 95,2138 95,2141 89,2141 89,2159 86,2159 "/>
     <path class="fil9" d="M425 197l-2 7 -3 0 7 -21 3 0 7 21 -3 0 -2 -7 -7 0zm7 -2l0 0 -2 -6c-1,-1 -1,-2 -1,-3l0 0c-1,1 -1,2 -1,3l-2 6 6 0z"/>
     <path class="fil9" d="M422 228c1,0 3,0 5,0 3,0 4,1 6,2 1,0 1,2 1,3 0,2 -1,4 -3,5l0 0c2,0 4,2 4,5 0,1 -1,3 -2,4 -1,1 -3,2 -7,2 -1,0 -3,0 -4,-1l0 -20zm3 9l0 0 2 0c3,0 5,-2 5,-4 0,-2 -2,-3 -5,-3 -1,0 -2,0 -2,0l0 7zm0 9l0 0c0,1 1,1 2,1 3,0 5,-1 5,-4 0,-3 -2,-4 -5,-4l-2 0 0 7z"/>
     <path class="fil9" d="M436 293c-1,0 -3,1 -5,1 -6,0 -10,-4 -10,-11 0,-6 4,-10 11,-10 2,0 4,0 4,1l0 2c-1,-1 -3,-1 -4,-1 -5,0 -8,3 -8,8 0,5 3,8 8,8 1,0 3,0 4,0l0 2z"/>
     <path class="fil9" d="M420 318c2,0 4,0 6,0 4,0 6,1 8,2 2,2 3,4 3,8 0,3 -1,6 -3,8 -2,1 -5,2 -9,2 -2,0 -3,0 -5,0l0 -20zm3 18l0 0c1,0 2,0 3,0 5,0 8,-3 8,-8 0,-5 -2,-8 -8,-8 -1,0 -2,0 -3,0l0 16z"/>
     <polygon class="fil9" points="433,374 426,374 426,381 434,381 434,383 423,383 423,363 434,363 434,365 426,365 426,372 433,372 "/>
     <path class="fil9" d="M437 427c-1,1 -3,1 -6,1 -3,0 -6,0 -8,-2 -2,-2 -3,-5 -3,-8 0,-6 5,-10 11,-10 3,0 5,0 5,1l0 2c-1,-1 -3,-1 -5,-1 -5,0 -8,3 -8,8 0,5 3,8 8,8 2,0 3,0 3,0l0 -6 -4 0 0 -3 7 0 0 10z"/>
     <polygon class="fil9" points="424,453 424,461 434,461 434,453 436,453 436,473 434,473 434,464 424,464 424,473 421,473 421,453 "/>
     <polygon class="fil9" points="430,498 430,518 427,518 427,498 "/>
     <path class="fil9" d="M422 543l2 0 0 9 0 0c1,0 1,-1 2,-2l6 -7 3 0 -7 8 8 12 -3 0 -7 -10 -2 2 0 8 -2 0 0 -20z"/>
     <polygon class="fil9" points="423,587 426,587 426,605 434,605 434,608 423,608 "/>
     <path class="fil9" d="M436 644c0,-3 0,-6 0,-9l0 0c-1,2 -2,5 -3,8l-4 10 -2 0 -3 -10c-1,-3 -2,-6 -2,-8l0 0c0,3 0,6 -1,9l0 9 -3 0 2 -21 3 0 4 10c0,3 1,5 2,7l0 0c0,-2 1,-4 2,-7l3 -10 4 0 1 21 -3 0 0 -9z"/>
     <path class="fil9" d="M787 1252l-2 -4c-1,-2 -2,-3 -3,-4l0 0c0,1 -1,2 -2,4l-2 4 -3 0 6 -10 -6 -10 3 0 3 5c0,1 1,2 2,3l0 0c0,-1 1,-2 1,-3l3 -5 3 0 -6 10 6 10 -3 0z"/>
     <path class="fil9" d="M781 1297l0 -9 -6 -11 3 0 2 5c1,2 2,3 2,4l1 0c0,-1 1,-2 2,-4l2 -5 3 0 -6 11 0 9 -3 0z"/>
     <polygon class="fil9" points="775,1340 786,1324 786,1324 776,1324 776,1322 790,1322 790,1323 779,1340 779,1340 790,1340 790,1342 775,1342 "/>
     <g id="_379356504">
      <path class="fil9" d="M769 1378l-3 7 -2 0 7 -20 3 0 7 20 -3 0 -2 -7 -7 0zm6 -2l0 0 -2 -5c0,-2 -1,-3 -1,-4l0 0c0,1 -1,2 -1,4l-2 5 6 0z"/>
      <path class="fil9" d="M787 1378l-2 7 -3 0 7 -20 3 0 7 20 -3 0 -2 -7 -7 0zm7 -2l0 0 -2 -5c-1,-2 -1,-3 -1,-4l0 0c-1,1 -1,2 -2,4l-2 5 7 0z"/>
      <path class="fil9" d="M767 1414c1,-1 3,-1 4,-1 3,0 5,1 6,2 1,0 2,2 2,3 0,2 -2,4 -4,5l0 0c2,0 4,2 4,5 0,2 0,3 -1,4 -2,1 -4,2 -7,2 -2,0 -3,0 -4,0l0 -20zm2 8l0 0 3 0c2,0 4,-2 4,-4 0,-2 -2,-3 -4,-3 -2,0 -2,0 -3,0l0 7zm0 10l0 0c1,0 2,0 2,0 3,0 6,-1 6,-4 0,-3 -3,-4 -6,-4l-2 0 0 8z"/>
      <path class="fil9" d="M783 1414c1,-1 3,-1 5,-1 2,0 4,1 5,2 1,0 2,2 2,3 0,2 -1,4 -3,5l0 0c1,0 4,2 4,5 0,2 -1,3 -2,4 -1,1 -4,2 -7,2 -2,0 -3,0 -4,0l0 -20zm3 8l0 0 2 0c3,0 4,-2 4,-4 0,-2 -1,-3 -4,-3 -1,0 -2,0 -2,0l0 7zm0 10l0 0c0,0 1,0 2,0 2,0 5,-1 5,-4 0,-3 -2,-4 -5,-4l-2 0 0 8z"/>
      <path class="fil9" d="M781 1477c-1,1 -3,1 -5,1 -6,0 -10,-3 -10,-10 0,-6 4,-11 10,-11 3,0 4,1 5,1l-1 2c-1,0 -2,0 -4,0 -5,0 -8,3 -8,8 0,5 3,8 8,8 2,0 3,0 4,-1l1 2z"/>
      <path class="fil9" d="M798 1477c-1,1 -3,1 -5,1 -6,0 -10,-3 -10,-10 0,-6 4,-11 11,-11 2,0 4,1 4,1l0 2c-1,0 -3,0 -4,0 -5,0 -8,3 -8,8 0,5 3,8 7,8 2,0 4,0 5,-1l0 2z"/>
      <path class="fil9" d="M767 1502c1,0 3,0 5,0 4,0 7,1 8,3 2,1 3,4 3,7 0,3 -1,6 -3,8 -2,2 -5,3 -9,3 -1,0 -3,-1 -4,-1l0 -20zm2 18l0 0c1,0 2,0 3,0 6,0 9,-3 9,-8 0,-5 -3,-8 -9,-8 -1,0 -2,0 -3,0l0 16z"/>
      <path class="fil9" d="M787 1502c1,0 3,0 5,0 4,0 7,1 8,3 2,1 3,4 3,7 0,3 -1,6 -3,8 -2,2 -5,3 -9,3 -1,0 -3,-1 -4,-1l0 -20zm2 18l0 0c1,0 2,0 3,0 6,0 9,-3 9,-8 0,-5 -3,-8 -9,-8 -1,0 -2,0 -3,0l0 16z"/>
      <polygon class="fil9" points="780,1557 773,1557 773,1565 781,1565 781,1567 770,1567 770,1547 781,1547 781,1549 773,1549 773,1555 780,1555 "/>
      <polygon class="fil9" points="795,1557 787,1557 787,1565 796,1565 796,1567 785,1567 785,1547 796,1547 796,1549 787,1549 787,1555 795,1555 "/>
      <path class="fil9" d="M779 1610c-1,1 -3,1 -6,1 -3,0 -6,0 -8,-2 -1,-2 -3,-5 -3,-8 0,-6 5,-10 11,-10 3,0 5,0 5,1l0 2c-1,-1 -3,-1 -5,-1 -5,0 -8,3 -8,8 0,5 3,8 8,8 2,0 3,0 4,0l0 -6 -5 0 0 -2 7 0 0 9z"/>
      <path class="fil9" d="M798 1610c-1,1 -3,1 -6,1 -3,0 -5,0 -7,-2 -2,-2 -3,-5 -3,-8 0,-6 4,-10 11,-10 2,0 4,0 5,1l-1 2c-1,-1 -2,-1 -4,-1 -5,0 -8,3 -8,8 0,5 3,8 7,8 2,0 3,0 4,0l0 -6 -4 0 0 -2 6 0 0 9z"/>
      <polygon class="fil9" points="770,1635 770,1644 780,1644 780,1635 783,1635 783,1656 780,1656 780,1646 770,1646 770,1656 768,1656 768,1635 "/>
      <polygon class="fil9" points="790,1635 790,1644 799,1644 799,1635 802,1635 802,1656 799,1656 799,1646 790,1646 790,1656 787,1656 787,1635 "/>
      <path class="fil9" d="M765 1731l3 0 0 10 0 0c0,-1 1,-1 2,-2l6 -8 3 0 -7 9 8 12 -4 0 -6 -10 -2 2 0 8 -3 0 0 -21z"/>
      <path class="fil9" d="M782 1731l2 0 0 10 0 0c1,-1 1,-1 2,-2l6 -8 3 0 -7 9 8 12 -3 0 -7 -10 -2 2 0 8 -2 0 0 -21z"/>
      <polygon class="fil9" points="773,1777 775,1777 775,1795 784,1795 784,1798 773,1798 "/>
      <polygon class="fil9" points="787,1777 790,1777 790,1795 798,1795 798,1798 787,1798 "/>
      <path class="fil9" d="M778 1835c0,-3 -1,-7 -1,-9l0 0c0,2 -1,5 -2,8l-4 9 -2 0 -3 -9c-1,-3 -2,-6 -2,-8l0 0c0,2 -1,6 -1,9l0 9 -3 0 2 -21 3 0 3 10c1,3 2,5 2,7l0 0c1,-2 2,-4 3,-7l3 -10 4 0 1 21 -3 0 0 -9z"/>
      <path class="fil9" d="M802 1835c0,-3 0,-7 0,-9l-1 0c0,2 -1,5 -2,8l-4 9 -2 0 -3 -9c-1,-3 -2,-6 -2,-8l0 0c0,2 -1,6 -1,9l0 9 -3 0 2 -21 3 0 3 10c1,3 2,5 3,7l0 0c0,-2 1,-4 2,-7l3 -10 4 0 1 21 -3 0 0 -9z"/>
      <path class="fil9" d="M768 1890l0 -20 2 0 7 10c1,3 3,5 4,7l0 0c-1,-3 -1,-5 -1,-9l0 -8 3 0 0 20 -3 0 -6 -10c-2,-2 -3,-5 -4,-7l0 0c0,3 0,5 0,9l0 8 -2 0z"/>
      <path class="fil9" d="M787 1890l0 -20 3 0 7 10c1,3 2,5 3,7l0 0c0,-3 0,-5 0,-9l0 -8 3 0 0 20 -3 0 -7 -10c-1,-2 -2,-5 -3,-7l0 0c0,3 0,5 0,9l0 8 -3 0z"/>
      <path class="fil9" d="M780 1925c0,7 -4,10 -9,10 -5,0 -9,-4 -9,-10 0,-6 4,-11 9,-11 6,0 9,5 9,11zm-15 0l0 0c0,4 2,8 6,8 4,0 7,-4 7,-8 0,-4 -3,-8 -7,-8 -4,0 -6,4 -6,8z"/>
      <path class="fil9" d="M801 1925c0,7 -4,10 -9,10 -6,0 -9,-4 -9,-10 0,-6 4,-11 9,-11 5,0 9,5 9,11zm-16 0l0 0c0,4 3,8 7,8 4,0 6,-4 6,-8 0,-4 -2,-8 -6,-8 -5,0 -7,4 -7,8z"/>
      <path class="fil9" d="M770 1960c1,-1 3,-1 5,-1 2,0 4,1 6,2 1,1 1,2 1,4 0,2 0,4 -1,5 -2,1 -4,2 -6,2 -1,0 -2,0 -3,0l0 8 -2 0 0 -20zm2 9l0 0c1,1 2,1 3,1 3,0 5,-2 5,-5 0,-2 -2,-4 -5,-4 -1,0 -2,0 -3,1l0 7z"/>
      <path class="fil9" d="M786 1960c1,-1 3,-1 5,-1 2,0 4,1 6,2 1,1 1,2 1,4 0,2 0,4 -1,5 -2,1 -4,2 -6,2 -1,0 -2,0 -3,0l0 8 -2 0 0 -20zm2 9l0 0c1,1 2,1 3,1 3,0 5,-2 5,-5 0,-2 -2,-4 -5,-4 -1,0 -2,0 -3,1l0 7z"/>
      <path class="fil9" d="M779 2027c-3,0 -5,-1 -8,-2 0,0 -1,0 -1,0 -5,0 -9,-4 -9,-10 0,-7 4,-11 9,-11 6,0 10,4 10,10 0,5 -3,9 -6,10l0 0c2,0 4,1 6,1l-1 2zm-2 -13l0 0c0,-4 -2,-8 -7,-8 -4,0 -6,4 -6,8 0,5 2,9 6,9 4,0 7,-4 7,-9z"/>
      <path class="fil9" d="M800 2027c-3,0 -6,-1 -8,-2 -1,0 -1,0 -1,0 -5,0 -9,-4 -9,-10 0,-7 4,-11 9,-11 6,0 9,4 9,10 0,5 -2,9 -6,10l0 0c2,0 5,1 6,1l0 2zm-3 -13l0 0c0,-4 -2,-8 -6,-8 -4,0 -6,4 -6,8 0,5 2,9 6,9 4,0 6,-4 6,-9z"/>
      <path class="fil9" d="M765 2049c2,0 4,0 5,0 3,0 5,0 6,1 1,1 2,3 2,4 0,3 -2,5 -4,5l0 1c2,0 2,2 3,4 1,2 1,4 2,5l-3 0c-1,0 -1,-2 -2,-5 0,-2 -1,-3 -4,-4l-2 0 0 9 -3 0 0 -20zm3 9l0 0 3 0c2,0 4,-1 4,-3 0,-3 -2,-4 -4,-4 -2,0 -3,0 -3,0l0 7z"/>
      <path class="fil9" d="M781 2049c2,0 4,0 6,0 2,0 4,0 5,1 1,1 2,3 2,4 0,3 -2,5 -4,5l0 1c2,0 3,2 3,4 1,2 1,4 2,5l-3 0c0,0 -1,-2 -1,-5 -1,-2 -2,-3 -4,-4l-3 0 0 9 -3 0 0 -20zm3 9l0 0 3 0c3,0 4,-1 4,-3 0,-3 -2,-4 -4,-4 -2,0 -2,0 -3,0l0 7z"/>
      <path class="fil9" d="M770 2111c1,0 3,1 4,1 3,0 5,-1 5,-3 0,-2 -2,-3 -4,-4 -4,-2 -6,-3 -6,-6 0,-3 3,-6 7,-6 2,0 4,1 4,1l0 2c-1,0 -2,0 -4,0 -3,0 -4,1 -4,3 0,1 1,2 4,3 3,2 5,3 5,6 0,4 -2,6 -7,6 -2,0 -4,0 -5,-1l1 -2z"/>
      <path class="fil9" d="M784 2111c2,0 3,1 5,1 3,0 4,-1 4,-3 0,-2 -1,-3 -3,-4 -4,-2 -6,-3 -6,-6 0,-3 3,-6 7,-6 2,0 3,1 4,1l0 2c-1,0 -3,0 -4,0 -3,0 -4,1 -4,3 0,1 1,2 4,3 3,2 5,3 5,6 0,4 -2,6 -7,6 -2,0 -4,0 -5,-1l0 -2z"/>
      <polygon class="fil9" points="776,2141 770,2141 770,2138 785,2138 785,2141 779,2141 779,2159 776,2159 "/>
      <polygon class="fil9" points="791,2141 785,2141 785,2138 800,2138 800,2141 794,2141 794,2159 791,2159 "/>
</g>
