 <defs>
  <style type="text/css">
   <![CDATA[
    .path-fil9 {fill:#D2D3D5}
    .path-fil10 {fill:#BDBFC1}
    .path-fil0 {fill:#848688}
    .path-fil2 {fill:#FFF212}
    .path-fil8 {fill:#ED3237}
    .path-fil4 {fill:#ED3237}
    .path-fil5 {fill:#57B952}
    .path-fil3 {fill:#00AFEF}
    .path-fil1 {fill:#006283}
    .path-fil7 {fill:#FEFEFE;fill-rule:nonzero}
    .path-fil11 {fill:#373435;fill-rule:nonzero}
    .path-fil6 {fill:#57B952;fill-rule:nonzero}
   ]]>
  </style>
 </defs>
  <g id="_460573160">
   <circle class="path-fil6" cx="257" cy="274" r="56"/>
   <path class="path-fil7" d="M232 269l0 -18 4 0 0 15 9 0 0 3 -13 0zm15 -18l4 0 0 10c0,1 0,2 0,2 0,1 1,2 1,2 1,1 2,1 3,1 1,0 1,0 2,-1 0,0 1,-1 1,-1 0,-1 0,-2 0,-3l0 -10 3 0 0 9c0,2 0,4 0,5 0,1 0,1 -1,2 0,1 -1,1 -2,1 -1,1 -2,1 -3,1 -2,0 -3,0 -4,-1 -1,0 -2,-1 -2,-1 -1,-1 -1,-1 -1,-2 0,-1 -1,-3 -1,-5l0 -9zm16 18l7 -10 -6 -8 4 0 4 5 3 -5 4 0 -5 8 6 10 -4 0 -4 -6 -4 6 -5 0zm-6 28l-4 0 -1 -4 -7 0 -2 4 -4 0 7 -18 4 0 7 18zm-6 -7l-3 -6 -2 6 5 0zm16 7l-3 0 0 -13c-2,2 -3,2 -5,3l0 -3c1,0 2,-1 3,-2 1,-1 2,-2 2,-3l3 0 0 18z"/>
   <circle class="path-fil6" cx="510" cy="274" r="56"/>
   <path class="path-fil7" d="M486 269l0 -18 3 0 0 15 9 0 0 3 -12 0zm15 -18l3 0 0 10c0,1 0,2 0,2 1,1 1,2 2,2 0,1 1,1 2,1 1,0 2,0 2,-1 1,0 1,-1 1,-1 0,-1 0,-2 0,-3l0 -10 4 0 0 9c0,2 0,4 0,5 -1,1 -1,1 -2,2 0,1 -1,1 -2,1 0,1 -2,1 -3,1 -2,0 -3,0 -4,-1 -1,0 -1,-1 -2,-1 0,-1 -1,-1 -1,-2 0,-1 0,-3 0,-5l0 -9zm16 18l6 -10 -6 -8 5 0 3 5 4 -5 4 0 -6 8 6 10 -4 0 -4 -6 -4 6 -4 0zm-6 28l-4 0 -2 -4 -7 0 -1 4 -4 0 7 -18 3 0 8 18zm-7 -7l-2 -6 -3 6 5 0zm19 4l0 3 -12 0c0,-1 1,-2 1,-3 1,-1 2,-3 4,-4 2,-2 3,-3 3,-3 1,-1 1,-2 1,-2 0,-1 0,-2 -1,-2 0,-1 -1,-1 -2,-1 0,0 -1,0 -1,1 -1,0 -1,1 -1,2l-3 0c0,-2 0,-4 2,-4 1,-1 2,-2 4,-2 1,0 3,1 4,2 1,1 1,2 1,3 0,1 0,2 0,3 -1,0 -1,1 -2,2 0,0 -1,1 -2,2 -1,1 -2,2 -2,2 0,0 0,1 -1,1l7 0z"/>
   <circle class="path-fil6" cx="764" cy="274" r="56"/>
   <path class="path-fil7" d="M739 268l0 -17 4 0 0 14 9 0 0 3 -13 0zm15 -17l4 0 0 9c0,2 0,3 0,3 0,1 0,2 1,2 1,1 1,1 2,1 1,0 2,0 3,-1 0,0 0,-1 0,-1 1,-1 1,-2 1,-3l0 -10 3 0 0 9c0,2 0,4 0,5 0,0 -1,1 -1,2 -1,0 -1,1 -2,1 -1,1 -2,1 -4,1 -1,0 -3,0 -3,-1 -1,0 -2,-1 -3,-1 0,-1 0,-2 -1,-2 0,-1 0,-3 0,-5l0 -9zm16 17l6 -9 -5 -8 4 0 3 5 4 -5 4 0 -5 8 6 9 -5 0 -4 -6 -3 6 -5 0zm-6 29l-4 0 -1 -4 -8 0 -1 4 -4 0 7 -18 4 0 7 18zm-7 -7l-2 -7 -2 7 4 0zm8 2l3 0c0,1 1,1 1,2 1,0 1,1 2,1 0,0 1,-1 2,-1 0,-1 0,-2 0,-2 0,-1 0,-2 0,-2 -1,-1 -1,-1 -2,-1 -1,0 -1,0 -2,0l1 -3c1,0 1,0 2,0 0,-1 1,-1 1,-2 0,-1 -1,-1 -1,-1 0,-1 -1,-1 -1,-1 -1,0 -2,0 -2,1 0,0 -1,1 -1,1l-3 0c0,-1 1,-2 1,-3 1,0 1,-1 2,-1 1,-1 2,-1 3,-1 1,0 3,1 4,2 1,1 1,2 1,3 0,1 -1,3 -3,4 1,0 2,0 3,1 0,1 1,2 1,3 0,1 -1,3 -2,4 -1,1 -3,1 -4,1 -2,0 -3,0 -4,-1 -1,-1 -2,-2 -2,-4z"/>
   <circle class="path-fil6" cx="1017" cy="274" r="56"/>
   <path class="path-fil7" d="M993 269l0 -18 3 0 0 15 9 0 0 3 -12 0zm15 -18l3 0 0 10c0,1 0,2 0,2 0,1 1,2 1,2 1,1 2,1 3,1 1,0 1,0 2,-1 0,0 1,-1 1,-1 0,-1 0,-2 0,-3l0 -10 4 0 0 9c0,2 0,4 -1,5 0,1 0,1 -1,2 0,1 -1,1 -2,1 -1,1 -2,1 -3,1 -2,0 -3,0 -4,-1 -1,0 -2,-1 -2,-1 -1,-1 -1,-1 -1,-2 0,-1 0,-3 0,-5l0 -9zm16 18l6 -10 -6 -8 4 0 4 5 3 -5 5 0 -6 8 6 10 -4 0 -4 -6 -4 6 -4 0zm-7 28l-4 0 -1 -4 -7 0 -2 4 -3 0 6 -18 4 0 7 18zm-6 -7l-3 -6 -2 6 5 0zm14 7l0 -3 -7 0 0 -3 8 -12 2 0 0 12 3 0 0 3 -3 0 0 3 -3 0zm0 -6l0 -6 -4 6 4 0z"/>
   <circle class="path-fil6" cx="1271" cy="274" r="56"/>
   <path class="path-fil7" d="M1246 268l0 -17 3 0 0 14 9 0 0 3 -12 0zm15 -17l3 0 0 9c0,2 1,3 1,3 0,1 0,2 1,2 0,1 1,1 2,1 1,0 2,0 2,-1 1,0 1,-1 1,-1 0,-1 0,-2 0,-3l0 -10 4 0 0 9c0,2 0,4 0,5 0,0 -1,1 -1,2 -1,0 -2,1 -2,1 -1,1 -2,1 -4,1 -2,0 -3,0 -4,-1 -1,0 -1,-1 -2,-1 0,-1 -1,-2 -1,-2 0,-1 0,-3 0,-5l0 -9zm16 17l6 -9 -5 -8 4 0 3 5 4 -5 4 0 -6 8 6 9 -4 0 -4 -6 -4 6 -4 0zm-6 29l-4 0 -2 -4 -7 0 -1 4 -4 0 7 -18 4 0 7 18zm-7 -7l-2 -7 -3 7 5 0zm8 2l3 0c0,1 1,2 1,2 1,0 1,1 2,1 0,0 1,-1 2,-1 0,-1 0,-2 0,-3 0,-1 0,-2 0,-2 -1,-1 -2,-1 -2,-1 -1,0 -2,0 -3,1l-3 0 2 -9 9 0 0 3 -6 0 -1 3c1,-1 2,-1 2,-1 2,0 3,1 4,2 1,1 2,2 2,4 0,2 -1,3 -1,4 -2,2 -3,2 -5,2 -2,0 -3,0 -4,-1 -1,-1 -2,-2 -2,-4z"/>
   <circle class="path-fil6" cx="260" cy="573" r="56"/>
   <path class="path-fil7" d="M235 567l0 -17 4 0 0 14 8 0 0 3 -12 0zm15 -17l4 0 0 9c0,2 0,3 0,3 0,1 0,1 1,2 0,0 1,1 2,1 1,0 2,-1 2,-1 1,0 1,-1 1,-2 0,0 0,-1 0,-3l0 -9 4 0 0 9c0,2 0,4 0,4 0,1 -1,2 -1,3 -1,0 -2,1 -2,1 -1,0 -2,1 -4,1 -2,0 -3,-1 -4,-1 -1,0 -1,-1 -2,-1 0,-1 -1,-2 -1,-2 0,-1 0,-3 0,-5l0 -9zm16 17l6 -9 -5 -8 4 0 3 5 4 -5 4 0 -6 8 6 9 -4 0 -4 -6 -4 6 -4 0zm-11 22l4 1c-1,2 -2,4 -3,5 -1,1 -3,1 -5,1 -2,0 -4,-1 -6,-2 -1,-2 -2,-4 -2,-7 0,-3 1,-5 2,-7 2,-1 4,-2 6,-2 3,0 4,0 6,2 0,0 1,2 1,3l-3 1c0,-1 -1,-2 -1,-2 -1,-1 -2,-1 -3,-1 -1,0 -2,0 -3,1 -1,1 -1,3 -1,5 0,2 0,4 1,5 1,1 2,1 3,1 1,0 2,0 3,-1 0,0 1,-1 1,-3zm15 7l-4 0 0 -13c-1,1 -3,2 -4,3l0 -3c1,-1 2,-1 3,-2 1,-1 1,-2 2,-3l3 0 0 18z"/>
   <circle class="path-fil6" cx="513" cy="573" r="56"/>
   <path class="path-fil7" d="M488 567l0 -17 4 0 0 14 9 0 0 3 -13 0zm15 -17l4 0 0 9c0,2 0,3 0,3 0,1 1,1 1,2 1,0 1,1 2,1 1,0 2,-1 3,-1 0,0 1,-1 1,-2 0,0 0,-1 0,-3l0 -9 3 0 0 9c0,2 0,4 0,4 0,1 0,2 -1,3 0,0 -1,1 -2,1 -1,0 -2,1 -3,1 -2,0 -3,-1 -4,-1 -1,0 -2,-1 -2,-1 -1,-1 -1,-2 -1,-2 -1,-1 -1,-3 -1,-5l0 -9zm16 17l7 -9 -6 -8 4 0 4 5 3 -5 4 0 -5 8 6 9 -4 0 -4 -6 -4 6 -5 0zm-11 22l4 1c-1,2 -1,4 -3,5 -1,1 -3,1 -4,1 -3,0 -5,-1 -6,-2 -2,-2 -3,-4 -3,-7 0,-3 1,-5 3,-7 1,-1 3,-2 6,-2 2,0 4,0 5,2 1,0 1,2 2,3l-4 1c0,-1 0,-2 -1,-2 -1,-1 -1,-1 -2,-1 -2,0 -3,0 -4,1 0,1 -1,3 -1,5 0,2 1,4 1,5 1,1 2,1 4,1 0,0 1,0 2,-1 1,0 1,-1 1,-3zm18 4l0 3 -12 0c0,-1 0,-2 1,-4 1,-1 2,-2 4,-4 1,-1 2,-2 3,-3 0,0 0,-1 0,-2 0,-1 0,-1 0,-2 -1,0 -1,0 -2,0 -1,0 -1,0 -2,0 0,1 0,2 0,3l-4 -1c0,-2 1,-3 2,-4 1,-1 2,-1 4,-1 2,0 3,1 4,1 1,1 2,3 2,4 0,1 0,2 -1,2 0,1 0,2 -1,3 0,0 -1,1 -2,2 -1,1 -2,1 -2,2 -1,0 -1,0 -1,1l7 0z"/>
   <circle class="path-fil6" cx="766" cy="573" r="56"/>
   <path class="path-fil7" d="M742 567l0 -17 3 0 0 14 9 0 0 3 -12 0zm15 -17l3 0 0 9c0,2 0,3 0,3 1,1 1,1 1,2 1,0 2,1 3,1 1,0 2,-1 2,-1 1,0 1,-1 1,-2 0,0 0,-1 0,-3l0 -9 4 0 0 9c0,2 0,4 -1,4 0,1 0,2 -1,3 0,0 -1,1 -2,1 -1,0 -2,1 -3,1 -2,0 -3,-1 -4,-1 -1,0 -1,-1 -2,-1 0,-1 -1,-2 -1,-2 0,-1 0,-3 0,-5l0 -9zm16 17l6 -9 -6 -8 5 0 3 5 4 -5 4 0 -6 8 6 9 -4 0 -4 -6 -4 6 -4 0zm-11 22l3 1c0,2 -1,4 -2,5 -2,1 -3,1 -5,1 -2,0 -4,-1 -6,-2 -1,-2 -2,-4 -2,-7 0,-3 1,-5 2,-7 2,-1 4,-2 6,-2 2,0 4,0 5,2 1,0 2,2 2,3l-3 1c0,-1 -1,-2 -2,-2 0,-1 -1,-1 -2,-1 -1,0 -2,0 -3,1 -1,1 -1,3 -1,5 0,2 0,4 1,5 1,1 2,1 3,1 1,0 2,0 2,-1 1,0 2,-1 2,-3zm6 2l3 0c0,1 0,1 1,2 0,0 1,0 1,0 1,0 2,0 2,0 1,-1 1,-2 1,-3 0,0 0,-1 -1,-2 0,0 -1,0 -2,0 0,0 -1,0 -1,0l0 -3c1,0 2,0 2,-1 1,0 1,0 1,-1 0,-1 0,-1 0,-2 -1,0 -1,0 -2,0 0,0 -1,0 -1,0 -1,1 -1,1 -1,2l-3 0c0,-1 0,-2 1,-3 0,-1 1,-1 2,-1 0,-1 1,-1 2,-1 2,0 3,1 4,2 1,0 1,1 1,3 0,1 0,2 -2,3 1,1 2,1 2,2 1,1 1,1 1,3 0,1 0,2 -1,4 -2,1 -3,1 -5,1 -1,0 -3,0 -4,-1 -1,-1 -1,-2 -1,-4z"/>
   <circle class="path-fil6" cx="1020" cy="573" r="56"/>
   <path class="path-fil7" d="M995 567l0 -17 4 0 0 14 9 0 0 3 -13 0zm15 -17l4 0 0 9c0,2 0,3 0,3 0,1 0,1 1,2 0,0 1,1 2,1 1,0 2,-1 2,-1 1,0 1,-1 1,-2 1,0 1,-1 1,-3l0 -9 3 0 0 9c0,2 0,4 0,4 0,1 -1,2 -1,3 -1,0 -1,1 -2,1 -1,0 -2,1 -4,1 -1,0 -3,-1 -4,-1 0,0 -1,-1 -2,-1 0,-1 0,-2 -1,-2 0,-1 0,-3 0,-5l0 -9zm16 17l6 -9 -5 -8 4 0 3 5 4 -5 4 0 -5 8 6 9 -5 0 -4 -6 -4 6 -4 0zm-11 22l4 1c-1,2 -2,4 -3,5 -1,1 -3,1 -5,1 -2,0 -4,-1 -5,-2 -2,-2 -3,-4 -3,-7 0,-3 1,-5 3,-7 1,-1 3,-2 6,-2 2,0 3,0 5,2 1,0 1,2 2,3l-4 1c0,-1 -1,-2 -1,-2 -1,-1 -2,-1 -3,-1 -1,0 -2,0 -3,1 -1,1 -1,3 -1,5 0,2 0,4 1,5 1,1 2,1 3,1 1,0 2,0 3,-1 0,0 1,-1 1,-3zm13 7l0 -4 -8 0 0 -3 8 -11 3 0 0 11 2 0 0 3 -2 0 0 4 -3 0zm0 -7l0 -6 -4 6 4 0z"/>
   <circle class="path-fil6" cx="1273" cy="573" r="56"/>
   <path class="path-fil7" d="M1248 567l0 -17 4 0 0 14 9 0 0 3 -13 0zm15 -17l4 0 0 9c0,2 0,3 0,3 0,1 1,1 1,2 1,0 2,1 3,1 1,0 1,-1 2,-1 0,0 1,-1 1,-2 0,0 0,-1 0,-3l0 -9 4 0 0 9c0,2 -1,4 -1,4 0,1 0,2 -1,3 0,0 -1,1 -2,1 -1,0 -2,1 -3,1 -2,0 -3,-1 -4,-1 -1,0 -2,-1 -2,-1 -1,-1 -1,-2 -1,-2 0,-1 -1,-3 -1,-5l0 -9zm17 17l6 -9 -6 -8 4 0 4 5 3 -5 4 0 -5 8 6 9 -4 0 -4 -6 -4 6 -4 0zm-11 22l3 1c0,2 -1,4 -3,5 -1,1 -2,1 -4,1 -3,0 -5,-1 -6,-2 -2,-2 -2,-4 -2,-7 0,-3 0,-5 2,-7 1,-1 3,-2 6,-2 2,0 4,0 5,2 1,0 2,2 2,3l-4 1c0,-1 0,-2 -1,-2 -1,-1 -1,-1 -2,-1 -2,0 -3,0 -3,1 -1,1 -2,3 -2,5 0,2 1,4 2,5 0,1 1,1 3,1 1,0 1,0 2,-1 1,0 1,-1 2,-3zm5 2l4 0c0,1 0,1 1,2 0,0 1,0 1,0 1,0 2,0 2,0 1,-1 1,-2 1,-3 0,-1 0,-2 -1,-3 0,0 -1,0 -2,0 -1,0 -2,0 -2,1l-3 0 2 -10 9 0 0 4 -7 0 0 3c0,-1 1,-1 2,-1 1,0 3,1 4,2 1,1 1,2 1,4 0,1 0,3 -1,4 -1,1 -3,2 -5,2 -1,0 -3,0 -4,-1 -1,-1 -1,-2 -2,-4z"/>
   <circle class="path-fil8" cx="177" cy="878" r="56"/>
   <path class="path-fil7" d="M144 867l4 0c0,1 1,2 1,2 1,1 2,1 3,1 1,0 2,0 2,-1 1,0 1,-1 1,-1 0,-1 0,-1 0,-2 0,0 -1,0 -1,0 -1,0 -2,-1 -3,-1 -2,-1 -3,-1 -4,-2 -1,-1 -2,-2 -2,-3 0,-1 0,-2 1,-3 0,-1 1,-1 2,-2 1,0 2,0 4,0 2,0 4,0 5,1 1,1 1,2 1,4l-3 0c0,-1 -1,-1 -1,-2 -1,0 -1,0 -2,0 -1,0 -2,0 -3,0 0,0 0,1 0,1 0,1 0,1 0,1 1,1 2,1 3,2 2,0 3,0 4,1 1,0 2,1 2,2 1,0 1,1 1,2 0,2 0,2 -1,3 -1,1 -1,2 -2,2 -1,1 -3,1 -4,1 -2,0 -4,-1 -5,-2 -2,-1 -2,-2 -3,-4zm18 6l0 -4 3 0 0 4 -3 0zm11 0l-6 -18 4 0 4 13 5 -13 4 0 -7 18 -4 0zm12 0l0 -18 4 0 0 18 -4 0zm7 0l0 -18 6 0c2,0 4,0 4,0 1,0 2,1 3,2 0,1 1,2 1,3 0,1 0,2 -1,3 0,1 -1,1 -1,2 -1,0 -2,1 -2,1 -1,0 -2,0 -4,0l-2 0 0 7 -4 0zm4 -15l0 5 2 0c1,0 2,0 3,0 0,-1 0,-1 1,-1 0,-1 0,-1 0,-2 0,0 0,-1 0,-1 -1,-1 -1,-1 -2,-1 0,0 -1,0 -2,0l-2 0zm-34 43l0 -18 13 0 0 3 -9 0 0 4 8 0 0 3 -8 0 0 5 9 0 0 3 -13 0zm24 0l-3 0 0 -13c-1,2 -3,2 -4,3l0 -3c0,0 1,-1 2,-2 2,-1 2,-2 3,-3l2 0 0 18z"/>
   <circle class="path-fil8" cx="418" cy="878" r="56"/>
   <path class="path-fil7" d="M385 867l4 0c0,1 0,2 1,2 1,1 2,1 3,1 1,0 2,0 2,-1 1,0 1,-1 1,-1 0,-1 0,-1 0,-2 0,0 -1,0 -1,0 -1,0 -2,-1 -3,-1 -2,-1 -4,-1 -4,-2 -1,-1 -2,-2 -2,-3 0,-1 0,-2 1,-3 0,-1 1,-1 2,-2 1,0 2,0 3,0 3,0 4,0 5,1 2,1 2,2 2,4l-3 0c0,-1 -1,-1 -1,-2 -1,0 -2,0 -3,0 -1,0 -1,0 -2,0 0,0 -1,1 -1,1 0,1 1,1 1,1 0,1 2,1 3,2 2,0 3,0 4,1 1,0 2,1 2,2 1,0 1,1 1,2 0,2 -1,2 -1,3 -1,1 -1,2 -2,2 -1,1 -3,1 -4,1 -3,0 -4,-1 -5,-2 -2,-1 -2,-2 -3,-4zm18 6l0 -4 3 0 0 4 -3 0zm11 0l-6 -18 4 0 4 13 5 -13 3 0 -6 18 -4 0zm12 0l0 -18 4 0 0 18 -4 0zm7 0l0 -18 6 0c2,0 3,0 4,0 1,0 2,1 3,2 0,1 1,2 1,3 0,1 -1,2 -1,3 0,1 -1,1 -1,2 -1,0 -2,1 -2,1 -1,0 -2,0 -4,0l-2 0 0 7 -4 0zm4 -15l0 5 2 0c1,0 2,0 2,0 1,-1 1,-1 2,-1 0,-1 0,-1 0,-2 0,0 0,-1 -1,-1 0,-1 0,-1 -1,-1 0,0 -1,0 -3,0l-1 0zm-34 43l0 -18 13 0 0 3 -10 0 0 4 9 0 0 3 -9 0 0 5 10 0 0 3 -13 0zm27 -3l0 3 -12 0c0,-1 1,-2 1,-3 1,-1 2,-3 4,-4 2,-2 3,-3 3,-3 0,-1 1,-2 1,-2 0,-1 -1,-2 -1,-2 0,-1 -1,-1 -2,-1 0,0 -1,0 -1,1 -1,0 -1,1 -1,2l-3 0c0,-2 0,-4 1,-4 1,-1 3,-2 4,-2 2,0 4,1 5,2 1,1 1,2 1,3 0,1 0,2 0,3 -1,0 -1,1 -2,2 0,0 -1,1 -2,2 -1,1 -2,2 -2,2 0,0 -1,1 -1,1l7 0z"/>
   <circle class="path-fil8" cx="659" cy="878" r="56"/>
   <path class="path-fil7" d="M626 867l4 -1c0,2 0,2 1,3 1,1 1,1 3,1 1,0 2,0 2,-1 1,0 1,-1 1,-2 0,0 0,0 0,-1 -1,0 -1,0 -2,0 0,-1 -1,-1 -2,-1 -2,-1 -4,-1 -4,-2 -2,-1 -2,-2 -2,-4 0,-1 0,-1 1,-2 0,-1 1,-2 2,-2 1,0 2,-1 3,-1 3,0 4,1 5,2 1,1 2,2 2,4l-3 0c-1,-1 -1,-2 -1,-2 -1,0 -2,-1 -3,-1 -1,0 -2,1 -2,1 0,0 -1,1 -1,1 0,1 0,1 1,1 0,1 1,1 3,1 2,1 3,1 4,2 1,0 1,1 2,2 0,0 1,1 1,2 0,1 -1,2 -1,3 -1,1 -2,2 -3,2 -1,1 -2,1 -3,1 -3,0 -4,-1 -6,-2 -1,-1 -2,-2 -2,-4zm18 5l0 -3 3 0 0 3 -3 0zm11 0l-6 -17 4 0 4 13 4 -13 4 0 -6 17 -4 0zm12 0l0 -17 4 0 0 17 -4 0zm7 0l0 -17 6 0c2,0 3,0 4,0 1,0 2,1 2,2 1,1 2,2 2,3 0,1 -1,2 -1,3 0,1 -1,1 -2,2 0,0 -1,0 -1,1 -1,0 -3,0 -4,0l-2 0 0 6 -4 0zm4 -14l0 5 1 0c2,0 3,0 3,0 1,-1 1,-1 1,-1 1,-1 1,-1 1,-2 0,0 0,-1 -1,-1 0,-1 -1,-1 -1,-1 -1,0 -1,0 -3,0l-1 0zm-34 43l0 -18 13 0 0 3 -10 0 0 4 9 0 0 3 -9 0 0 5 10 0 0 3 -13 0zm15 -5l4 0c0,1 0,1 0,2 1,0 1,1 2,1 1,0 1,-1 2,-1 0,-1 1,-2 1,-2 0,-1 -1,-2 -1,-2 -1,-1 -1,-1 -2,-1 0,0 -1,0 -1,0l0 -3c1,0 2,0 2,0 1,-1 1,-1 1,-2 0,-1 0,-1 -1,-1 0,-1 0,-1 -1,-1 -1,0 -1,0 -2,1 0,0 0,1 0,1l-3 0c0,-1 0,-2 1,-3 0,0 1,-1 1,-1 1,-1 2,-1 3,-1 2,0 3,1 4,2 1,1 1,2 1,3 0,1 -1,3 -2,4 1,0 2,0 2,1 1,1 1,2 1,3 0,1 0,3 -2,4 -1,1 -2,1 -4,1 -1,0 -3,0 -4,-1 -1,-1 -2,-2 -2,-4z"/>
   <circle class="path-fil8" cx="900" cy="878" r="56"/>
   <path class="path-fil7" d="M867 867l4 0c0,1 0,2 1,2 1,1 1,1 2,1 2,0 2,0 3,-1 1,0 1,-1 1,-1 0,-1 0,-1 0,-2 -1,0 -1,0 -2,0 0,0 -1,-1 -3,-1 -1,-1 -3,-1 -4,-2 -1,-1 -1,-2 -1,-3 0,-1 0,-2 1,-3 0,-1 1,-1 2,-2 1,0 2,0 3,0 2,0 4,0 5,1 1,1 2,2 2,4l-4 0c0,-1 0,-1 -1,-2 0,0 -1,0 -2,0 -1,0 -2,0 -2,0 -1,0 -1,1 -1,1 0,1 0,1 1,1 0,1 1,1 3,2 2,0 3,0 4,1 1,0 1,1 2,2 0,0 1,1 1,2 0,2 -1,2 -1,3 -1,1 -2,2 -3,2 -1,1 -2,1 -4,1 -2,0 -4,-1 -5,-2 -1,-1 -2,-2 -2,-4zm18 6l0 -4 3 0 0 4 -3 0zm11 0l-6 -18 4 0 4 13 4 -13 4 0 -6 18 -4 0zm12 0l0 -18 3 0 0 18 -3 0zm7 0l0 -18 6 0c2,0 3,0 4,0 1,0 2,1 2,2 1,1 1,2 1,3 0,1 0,2 0,3 -1,1 -1,1 -2,2 0,0 -1,1 -2,1 0,0 -2,0 -3,0l-3 0 0 7 -3 0zm3 -15l0 5 2 0c2,0 3,0 3,0 1,-1 1,-1 1,-1 1,-1 1,-1 1,-2 0,0 0,-1 -1,-1 0,-1 -1,-1 -1,-1 -1,0 -2,0 -3,0l-2 0zm-33 43l0 -18 13 0 0 3 -10 0 0 4 9 0 0 3 -9 0 0 5 10 0 0 3 -13 0zm22 0l0 -3 -7 0 0 -3 7 -12 3 0 0 12 2 0 0 3 -2 0 0 3 -3 0zm0 -6l0 -6 -4 6 4 0z"/>
   <circle class="path-fil8" cx="1141" cy="878" r="56"/>
   <path class="path-fil7" d="M1108 867l3 -1c1,2 1,2 2,3 0,1 1,1 2,1 1,0 2,0 3,-1 0,0 1,-1 1,-2 0,0 0,0 -1,-1 0,0 0,0 -1,0 0,-1 -1,-1 -3,-1 -2,-1 -3,-1 -4,-2 -1,-1 -1,-2 -1,-4 0,-1 0,-1 0,-2 1,-1 2,-2 3,-2 1,0 2,-1 3,-1 2,0 4,1 5,2 1,1 2,2 2,4l-4 0c0,-1 0,-2 -1,-2 0,0 -1,-1 -2,-1 -1,0 -2,1 -2,1 -1,0 -1,1 -1,1 0,1 0,1 1,1 0,1 1,1 3,1 2,1 3,1 4,2 1,0 1,1 2,2 0,0 0,1 0,2 0,1 0,2 0,3 -1,1 -2,2 -3,2 -1,1 -2,1 -4,1 -2,0 -4,-1 -5,-2 -1,-1 -2,-2 -2,-4zm17 5l0 -3 4 0 0 3 -4 0zm12 0l-7 -17 4 0 5 13 4 -13 4 0 -6 17 -4 0zm12 0l0 -17 3 0 0 17 -3 0zm7 0l0 -17 5 0c3,0 4,0 5,0 1,0 2,1 2,2 1,1 1,2 1,3 0,1 0,2 0,3 -1,1 -1,1 -2,2 0,0 -1,0 -2,1 -1,0 -2,0 -3,0l-3 0 0 6 -3 0zm3 -14l0 5 2 0c2,0 3,0 3,0 1,-1 1,-1 1,-1 0,-1 1,-1 1,-2 0,0 -1,-1 -1,-1 0,-1 -1,-1 -1,-1 -1,0 -2,0 -3,0l-2 0zm-34 43l0 -18 14 0 0 3 -10 0 0 4 9 0 0 3 -9 0 0 5 10 0 0 3 -14 0zm16 -5l4 0c0,1 0,1 0,2 1,0 1,1 2,1 1,0 1,-1 2,-1 0,-1 1,-2 1,-3 0,-1 -1,-2 -1,-2 -1,-1 -1,-1 -2,-1 -1,0 -2,0 -3,1l-2 0 1 -9 9 0 0 3 -6 0 -1 3c1,-1 2,-1 3,-1 1,0 3,1 4,2 1,1 1,2 1,4 0,2 0,3 -1,4 -1,2 -3,2 -5,2 -2,0 -3,0 -4,-1 -1,-1 -2,-2 -2,-4z"/>
   <circle class="path-fil8" cx="1381" cy="878" r="56"/>
   <path class="path-fil7" d="M1349 867l3 -1c1,2 1,2 2,3 0,1 1,1 2,1 1,0 2,0 3,-1 0,0 1,-1 1,-2 0,0 0,0 -1,-1 0,0 0,0 -1,0 0,-1 -1,-1 -3,-1 -2,-1 -3,-1 -4,-2 -1,-1 -1,-2 -1,-4 0,-1 0,-1 0,-2 1,-1 2,-2 2,-2 1,0 3,-1 4,-1 2,0 4,1 5,2 1,1 2,2 2,4l-4 0c0,-1 0,-2 -1,-2 0,0 -1,-1 -2,-1 -1,0 -2,1 -3,1 0,0 0,1 0,1 0,1 0,1 0,1 1,1 2,1 4,1 1,1 3,1 4,2 0,0 1,1 2,2 0,0 0,1 0,2 0,1 0,2 -1,3 0,1 -1,2 -2,2 -1,1 -2,1 -4,1 -2,0 -4,-1 -5,-2 -1,-1 -2,-2 -2,-4zm17 5l0 -3 4 0 0 3 -4 0zm12 0l-7 -17 4 0 5 13 4 -13 4 0 -6 17 -4 0zm12 0l0 -17 3 0 0 17 -3 0zm7 0l0 -17 5 0c2,0 4,0 5,0 1,0 1,1 2,2 1,1 1,2 1,3 0,1 0,2 0,3 -1,1 -1,1 -2,2 -1,0 -1,0 -2,1 -1,0 -2,0 -4,0l-2 0 0 6 -3 0zm3 -14l0 5 2 0c2,0 2,0 3,0 0,-1 1,-1 1,-1 0,-1 0,-1 0,-2 0,0 0,-1 0,-1 -1,-1 -1,-1 -2,-1 0,0 -1,0 -2,0l-2 0zm-34 43l0 -18 13 0 0 3 -9 0 0 4 9 0 0 3 -9 0 0 5 10 0 0 3 -14 0zm28 -13l-4 0c0,-1 0,-1 0,-1 -1,-1 -1,-1 -2,-1 0,0 -1,0 -2,1 0,1 0,2 0,4 0,-1 1,-1 3,-1 1,0 2,0 3,1 1,1 2,3 2,4 0,2 -1,4 -2,5 -1,1 -2,1 -4,1 -2,0 -3,0 -4,-2 -1,-1 -2,-3 -2,-7 0,-3 1,-5 2,-7 1,-1 3,-2 5,-2 1,0 2,1 3,1 1,1 1,2 2,4zm-8 7c0,1 0,2 1,3 0,0 1,1 1,1 1,0 1,-1 2,-1 0,-1 1,-2 1,-3 0,-1 -1,-2 -1,-2 -1,-1 -1,-1 -2,-1 0,0 -1,0 -1,1 -1,0 -1,1 -1,2z"/>
   <circle class="path-fil8" cx="414" cy="711" r="56"/>
   <path class="path-fil7" d="M382 700l3 0c0,1 1,2 1,2 1,1 2,1 3,1 1,0 2,0 3,-1 0,0 0,-1 0,-1 0,-1 0,-1 0,-1 0,-1 -1,-1 -1,-1 -1,0 -2,-1 -3,-1 -2,0 -3,-1 -4,-2 -1,-1 -2,-2 -2,-3 0,-1 0,-2 1,-3 1,-1 1,-1 2,-2 1,0 2,0 4,0 2,0 4,0 5,1 1,1 1,3 1,4l-3 0c0,-1 -1,-1 -1,-2 -1,0 -1,0 -2,0 -1,0 -2,0 -3,0 0,1 0,1 0,2 0,0 0,0 0,1 1,0 2,0 3,1 2,0 3,1 4,1 1,1 2,1 2,2 1,1 1,2 1,3 0,1 0,2 -1,3 0,0 -1,1 -2,2 -1,0 -3,0 -4,0 -2,0 -4,0 -5,-1 -1,-1 -2,-3 -2,-5zm17 6l0 -4 3 0 0 4 -3 0zm11 0l-6 -18 4 0 4 13 5 -13 4 0 -7 18 -4 0zm12 0l0 -18 4 0 0 18 -4 0zm7 0l0 -18 6 0c2,0 4,0 4,0 1,1 2,1 3,2 1,1 1,2 1,4 0,1 0,2 -1,2 0,1 -1,2 -1,2 -1,1 -1,1 -2,1 -1,0 -2,0 -4,0l-2 0 0 7 -4 0zm4 -15l0 5 2 0c1,0 2,0 3,0 0,0 0,-1 1,-1 0,0 0,-1 0,-1 0,-1 0,-2 0,-2 -1,0 -1,-1 -2,-1 0,0 -1,0 -2,0l-2 0zm-35 26l7 0c1,0 2,0 3,0 1,0 2,1 3,2 1,0 1,1 2,3 0,1 0,2 0,4 0,1 0,2 0,3 -1,2 -1,3 -2,4 -1,0 -2,1 -3,1 -1,0 -2,0 -3,0l-7 0 0 -17zm4 3l0 11 3 0c1,0 1,0 2,0 0,0 1,0 1,-1 1,0 1,0 1,-1 0,-1 0,-2 0,-3 0,-2 0,-3 0,-4 0,0 0,-1 -1,-1 0,-1 -1,-1 -2,-1 0,0 -1,0 -2,0l-2 0zm25 11l0 3 -12 0c0,-1 1,-2 1,-3 1,-1 2,-2 4,-4 2,-2 2,-3 3,-3 0,-1 1,-2 1,-2 0,-1 -1,-2 -1,-2 -1,0 -1,-1 -2,-1 0,0 -1,1 -1,1 -1,0 -1,1 -1,2l-4 0c1,-2 1,-3 2,-4 1,-1 3,-1 4,-1 2,0 3,0 4,1 1,1 2,2 2,4 0,0 0,1 -1,2 0,1 0,1 -1,2 0,1 -1,1 -2,2 -1,1 -2,2 -2,2 0,1 -1,1 -1,1l7 0z"/>
   <circle class="path-fil8" cx="659" cy="711" r="56"/>
   <path class="path-fil7" d="M627 700l3 0c0,1 1,2 1,2 1,1 2,1 3,1 1,0 2,0 2,-1 1,0 1,-1 1,-1 0,-1 0,-1 0,-2 0,0 -1,0 -1,0 -1,0 -2,-1 -3,-1 -2,-1 -3,-1 -4,-2 -1,-1 -2,-2 -2,-3 0,-1 0,-2 1,-3 0,-1 1,-1 2,-2 1,0 2,0 4,0 2,0 4,0 5,1 1,1 1,2 1,4l-3 0c0,-1 -1,-1 -1,-2 -1,0 -1,0 -2,0 -1,0 -2,0 -3,0 0,1 0,1 0,1 0,1 0,1 0,1 1,1 2,1 3,2 2,0 3,0 4,1 1,0 2,1 2,2 1,0 1,1 1,3 0,1 0,2 -1,2 0,1 -1,2 -2,2 -1,1 -3,1 -4,1 -2,0 -4,0 -5,-2 -2,-1 -2,-2 -2,-4zm17 6l0 -4 3 0 0 4 -3 0zm11 0l-6 -18 4 0 4 13 5 -13 4 0 -7 18 -4 0zm12 0l0 -18 4 0 0 18 -4 0zm7 0l0 -18 6 0c2,0 4,0 4,0 1,1 2,1 3,2 0,1 1,2 1,3 0,2 0,2 -1,3 0,1 -1,1 -1,2 -1,0 -2,1 -2,1 -1,0 -2,0 -4,0l-2 0 0 7 -4 0zm4 -15l0 5 2 0c1,0 2,0 3,0 0,0 0,-1 1,-1 0,-1 0,-1 0,-2 0,0 0,-1 0,-1 -1,-1 -1,-1 -2,-1 0,0 -1,0 -2,0l-2 0zm-35 26l7 0c1,0 2,0 3,0 1,0 2,1 3,1 1,1 1,2 2,3 0,1 0,3 0,5 0,1 0,2 0,3 -1,2 -2,3 -2,3 -1,1 -2,2 -3,2 -1,0 -2,0 -3,0l-7 0 0 -17zm4 3l0 11 3 0c1,0 1,0 2,0 0,0 1,0 1,-1 1,0 1,-1 1,-1 0,-1 0,-2 0,-4 0,-1 0,-2 0,-3 0,-1 -1,-1 -1,-1 0,-1 -1,-1 -2,-1 0,0 -1,0 -3,0l-1 0zm13 10l4 -1c0,1 0,2 0,2 1,1 1,1 2,1 1,0 1,-1 2,-1 0,-1 1,-1 1,-2 0,-1 -1,-2 -1,-2 -1,-1 -1,-1 -2,-1 0,0 -1,0 -1,0l0 -3c1,1 2,0 2,0 1,-1 1,-1 1,-2 0,0 0,-1 -1,-1 0,-1 -1,-1 -1,-1 -1,0 -1,0 -2,1 0,0 0,1 0,2l-3 -1c0,-1 0,-2 1,-3 0,0 1,-1 1,-1 1,0 2,-1 3,-1 2,0 3,1 4,2 1,1 1,2 1,3 0,2 -1,3 -2,4 1,0 2,0 2,1 1,1 1,2 1,3 0,1 -1,3 -2,4 -1,1 -2,2 -4,2 -1,0 -3,-1 -4,-2 -1,-1 -2,-2 -2,-3z"/>
   <circle class="path-fil8" cx="169" cy="711" r="56"/>
   <path class="path-fil7" d="M137 700l3 0c0,1 1,2 1,2 1,1 2,1 3,1 1,0 2,0 3,-1 0,0 0,-1 0,-1 0,-1 0,-1 0,-1 0,-1 -1,-1 -1,-1 -1,0 -2,-1 -3,-1 -2,0 -3,-1 -4,-2 -1,-1 -2,-2 -2,-3 0,-1 1,-2 1,-3 1,-1 1,-1 2,-2 1,0 2,0 4,0 2,0 4,0 5,1 1,1 1,3 1,4l-3 0c0,-1 -1,-1 -1,-2 -1,0 -1,0 -2,0 -1,0 -2,0 -3,0 0,1 0,1 0,2 0,0 0,0 0,1 1,0 2,0 3,1 2,0 4,1 4,1 1,1 2,1 2,2 1,1 1,2 1,3 0,1 0,2 -1,3 0,0 -1,1 -2,2 -1,0 -3,0 -4,0 -2,0 -4,0 -5,-1 -1,-1 -2,-3 -2,-5zm17 6l0 -4 3 0 0 4 -3 0zm11 0l-6 -18 4 0 4 13 5 -13 4 0 -7 18 -4 0zm12 0l0 -18 4 0 0 18 -4 0zm7 0l0 -18 6 0c2,0 4,0 4,0 1,1 2,1 3,2 1,1 1,2 1,4 0,1 0,2 -1,2 0,1 -1,2 -1,2 -1,1 -1,1 -2,1 -1,0 -2,0 -4,0l-2 0 0 7 -4 0zm4 -15l0 5 2 0c1,0 2,0 3,0 0,0 1,-1 1,-1 0,0 0,-1 0,-1 0,-1 0,-2 0,-2 -1,0 -1,-1 -2,-1 0,0 -1,0 -2,0l-2 0zm-35 26l7 0c1,0 2,0 3,0 1,0 2,1 3,2 1,0 1,1 2,3 0,1 0,2 0,4 0,1 0,2 0,3 -1,2 -1,3 -2,4 -1,0 -2,1 -3,1 -1,0 -2,0 -3,0l-7 0 0 -17zm4 3l0 11 3 0c1,0 1,0 2,0 0,0 1,0 1,-1 1,0 1,0 1,-1 0,-1 0,-2 0,-3 0,-2 0,-3 0,-4 0,0 0,-1 -1,-1 0,-1 -1,-1 -2,-1 0,0 -1,0 -2,0l-2 0zm22 14l-3 0 0 -12c-1,1 -3,2 -5,2l0 -3c1,0 2,-1 3,-2 1,0 2,-1 2,-2l3 0 0 17z"/>
   <circle class="path-fil8" cx="904" cy="711" r="56"/>
   <path class="path-fil7" d="M871 700l4 0c0,1 1,2 1,2 1,1 2,1 3,1 1,0 2,0 2,-1 1,0 1,-1 1,-1 0,-1 0,-1 0,-1 0,-1 -1,-1 -1,-1 -1,0 -2,-1 -3,-1 -2,0 -3,-1 -4,-2 -1,-1 -2,-2 -2,-3 0,-1 0,-2 1,-3 0,-1 1,-1 2,-2 1,0 2,0 4,0 2,0 3,0 5,1 1,1 1,3 1,4l-3 0c0,-1 -1,-1 -1,-2 -1,0 -1,0 -2,0 -1,0 -2,0 -3,0 0,1 0,1 0,2 0,0 0,0 0,1 1,0 2,0 3,1 2,0 3,1 4,1 1,1 2,1 2,2 1,1 1,2 1,3 0,1 0,2 -1,3 -1,0 -1,1 -2,2 -1,0 -3,0 -4,0 -2,0 -4,0 -5,-1 -2,-1 -2,-3 -3,-5zm18 6l0 -4 3 0 0 4 -3 0zm11 0l-6 -18 4 0 4 13 5 -13 4 0 -7 18 -4 0zm12 0l0 -18 4 0 0 18 -4 0zm7 0l0 -18 6 0c2,0 4,0 4,0 1,1 2,1 3,2 0,1 1,2 1,4 0,1 0,2 -1,2 0,1 -1,2 -1,2 -1,1 -2,1 -2,1 -1,0 -2,0 -4,0l-2 0 0 7 -4 0zm4 -15l0 5 2 0c1,0 2,0 3,0 0,0 0,-1 1,-1 0,0 0,-1 0,-1 0,-1 0,-2 0,-2 -1,0 -1,-1 -2,-1 0,0 -1,0 -2,0l-2 0zm-35 26l7 0c1,0 2,0 3,0 1,0 2,1 3,2 1,0 1,1 2,3 0,1 0,2 0,4 0,1 0,2 0,3 -1,2 -2,3 -2,4 -1,0 -2,1 -3,1 -1,0 -2,0 -3,0l-7 0 0 -17zm4 3l0 11 3 0c0,0 1,0 2,0 0,0 1,0 1,-1 0,0 1,0 1,-1 0,-1 0,-2 0,-3 0,-2 0,-3 0,-4 0,0 -1,-1 -1,-1 0,-1 -1,-1 -2,-1 0,0 -1,0 -3,0l-1 0zm20 14l0 -3 -7 0 0 -3 7 -11 3 0 0 11 3 0 0 3 -3 0 0 3 -3 0zm0 -6l0 -6 -4 6 4 0z"/>
   <circle class="path-fil8" cx="1149" cy="711" r="56"/>
   <path class="path-fil7" d="M1116 700l4 0c0,1 1,2 1,2 1,1 2,1 3,1 1,0 2,0 2,-1 1,0 1,-1 1,-1 0,-1 0,-1 0,-2 0,0 -1,0 -1,0 -1,0 -2,-1 -3,-1 -2,-1 -3,-1 -4,-2 -1,-1 -2,-2 -2,-3 0,-1 0,-2 1,-3 0,-1 1,-1 2,-2 1,0 2,0 4,0 2,0 3,0 5,1 1,1 1,2 1,4l-3 0c0,-1 -1,-1 -1,-2 -1,0 -1,0 -2,0 -2,0 -2,0 -3,0 0,1 0,1 0,1 0,1 0,1 0,1 1,1 2,1 3,2 2,0 3,0 4,1 1,0 2,1 2,2 1,0 1,1 1,3 0,1 0,2 -1,2 -1,1 -1,2 -2,2 -1,1 -3,1 -4,1 -2,0 -4,0 -5,-2 -2,-1 -2,-2 -3,-4zm18 6l0 -4 3 0 0 4 -3 0zm11 0l-6 -18 4 0 4 13 5 -13 3 0 -6 18 -4 0zm12 0l0 -18 4 0 0 18 -4 0zm7 0l0 -18 6 0c2,0 4,0 4,0 1,1 2,1 3,2 0,1 1,2 1,3 0,2 0,2 -1,3 0,1 -1,1 -1,2 -1,0 -2,1 -2,1 -1,0 -2,0 -4,0l-2 0 0 7 -4 0zm4 -15l0 5 2 0c1,0 2,0 3,0 0,0 0,-1 1,-1 0,-1 0,-1 0,-2 0,0 0,-1 -1,-1 0,-1 0,-1 -1,-1 0,0 -1,0 -3,0l-1 0zm-35 26l7 0c1,0 2,0 3,0 1,0 2,1 3,1 1,1 1,2 1,3 1,1 1,3 1,5 0,1 0,2 0,3 -1,2 -2,3 -2,3 -1,1 -2,2 -3,2 -1,0 -2,0 -3,0l-7 0 0 -17zm4 3l0 11 2 0c1,0 2,0 3,0 0,0 1,0 1,-1 0,0 1,-1 1,-1 0,-1 0,-2 0,-4 0,-1 0,-2 0,-3 0,-1 -1,-1 -1,-1 0,-1 -1,-1 -2,-1 0,0 -1,0 -3,0l-1 0zm13 10l4 -1c0,1 0,2 1,2 0,1 1,1 1,1 1,0 2,0 2,-1 1,-1 1,-1 1,-3 0,-1 0,-2 -1,-2 0,-1 -1,-1 -2,-1 -1,0 -2,0 -2,1l-3 0 2 -9 9 0 0 3 -7 0 0 3c0,0 1,-1 2,-1 1,0 3,1 4,2 1,1 1,3 1,4 0,2 0,3 -1,4 -1,2 -3,3 -5,3 -1,0 -3,-1 -4,-2 -1,-1 -1,-2 -2,-3z"/>
   <circle class="path-fil8" cx="1394" cy="711" r="56"/>
   <path class="path-fil7" d="M1361 700l4 0c0,1 1,2 1,2 1,1 2,1 3,1 1,0 2,0 2,-1 1,0 1,-1 1,-1 0,-1 0,-1 0,-2 0,0 -1,0 -1,0 -1,0 -2,-1 -3,-1 -2,-1 -4,-1 -4,-2 -1,-1 -2,-2 -2,-3 0,-1 0,-2 1,-3 0,-1 1,-1 2,-2 1,0 2,0 4,0 2,0 3,0 5,1 1,1 1,2 1,4l-3 0c0,-1 -1,-1 -1,-2 -1,0 -2,0 -3,0 -1,0 -1,0 -2,0 0,1 0,1 0,1 0,1 0,1 0,1 0,1 2,1 3,2 2,0 3,0 4,1 1,0 2,1 2,2 1,0 1,1 1,3 0,1 0,2 -1,2 -1,1 -1,2 -2,2 -1,1 -3,1 -4,1 -3,0 -4,0 -5,-2 -2,-1 -2,-2 -3,-4zm18 6l0 -4 3 0 0 4 -3 0zm11 0l-6 -18 4 0 4 13 5 -13 3 0 -6 18 -4 0zm12 0l0 -18 4 0 0 18 -4 0zm7 0l0 -18 6 0c2,0 3,0 4,0 1,1 2,1 3,2 0,1 1,2 1,3 0,2 0,2 -1,3 0,1 -1,1 -1,2 -1,0 -2,1 -2,1 -1,0 -2,0 -4,0l-2 0 0 7 -4 0zm4 -15l0 5 2 0c1,0 2,0 2,0 1,0 1,-1 2,-1 0,-1 0,-1 0,-2 0,0 0,-1 -1,-1 0,-1 0,-1 -1,-1 0,0 -1,0 -3,0l-1 0zm-35 26l7 0c1,0 2,0 3,0 1,0 2,1 3,1 0,1 1,2 1,3 1,1 1,3 1,5 0,1 0,2 -1,3 0,2 -1,3 -1,3 -1,1 -2,2 -3,2 -1,0 -2,0 -3,0l-7 0 0 -17zm4 3l0 11 2 0c1,0 2,0 3,0 0,0 1,0 1,-1 0,0 1,-1 1,-1 0,-1 0,-2 0,-4 0,-1 0,-2 0,-3 0,-1 -1,-1 -1,-1 0,-1 -1,-1 -2,-1 0,0 -1,0 -3,0l-1 0zm25 1l-3 0c-1,0 -1,-1 -1,-1 0,-1 -1,-1 -1,-1 -1,0 -2,1 -2,1 -1,1 -1,2 -1,4 1,-1 2,-1 3,-1 1,0 3,0 4,1 1,1 1,3 1,5 0,1 0,3 -1,4 -2,1 -3,2 -5,2 -1,0 -3,-1 -4,-3 -1,-1 -2,-3 -2,-6 0,-4 1,-6 2,-7 1,-2 3,-3 5,-3 1,0 2,1 3,2 1,0 2,1 2,3zm-8 7c0,1 0,2 1,3 0,0 1,1 2,1 0,0 1,-1 1,-1 1,0 1,-1 1,-2 0,-2 0,-2 -1,-3 0,-1 -1,-1 -2,-1 0,0 -1,0 -1,1 -1,1 -1,1 -1,2z"/>
   <circle class="path-fil6" cx="374" cy="425" r="56"/>
   <path class="path-fil7" d="M349 420l0 -18 4 0 0 15 9 0 0 3 -13 0zm15 -18l4 0 0 10c0,1 0,2 0,3 0,0 1,1 1,1 1,1 1,1 2,1 1,0 2,0 3,-1 0,0 1,0 1,-1 0,-1 0,-2 0,-3l0 -10 3 0 0 9c0,3 0,4 0,5 0,1 0,2 -1,2 -1,1 -1,1 -2,2 -1,0 -2,0 -3,0 -2,0 -3,0 -4,0 -1,-1 -2,-1 -2,-2 -1,-1 -1,-1 -1,-2 -1,-1 -1,-2 -1,-4l0 -10zm16 18l6 -9 -5 -9 4 0 4 5 3 -5 4 0 -5 9 6 9 -4 0 -4 -6 -4 6 -5 0zm-22 11l7 0c2,0 3,0 3,0 1,0 2,0 2,1 1,0 1,0 2,1 0,1 0,1 0,2 0,1 0,2 -1,2 0,1 -1,2 -1,2 1,0 1,1 2,2 1,0 1,1 1,2 0,1 0,2 -1,3 0,0 -1,1 -1,1 -1,1 -2,1 -3,1 0,0 -2,0 -4,0l-6 0 0 -17zm4 3l0 4 2 0c1,0 2,0 3,0 0,0 1,-1 1,-1 0,0 1,-1 1,-1 0,-1 -1,-1 -1,-2 0,0 -1,0 -1,0 -1,0 -2,0 -3,0l-2 0zm0 7l0 4 3 0c1,0 2,0 2,0 1,0 1,0 2,0 0,-1 0,-1 0,-2 0,0 0,-1 0,-1 0,-1 -1,-1 -1,-1 -1,0 -2,0 -3,0l-3 0zm22 7l-4 0 0 -12c-1,1 -2,2 -4,2l0 -3c1,0 2,-1 3,-2 1,0 2,-1 2,-2l3 0 0 17z"/>
   <circle class="path-fil6" cx="627" cy="425" r="56"/>
   <path class="path-fil7" d="M603 420l0 -18 3 0 0 15 9 0 0 3 -12 0zm15 -18l3 0 0 10c0,1 0,2 0,3 1,0 1,1 1,1 1,1 2,1 3,1 1,0 2,0 2,-1 1,0 1,0 1,-1 0,-1 0,-2 0,-3l0 -10 4 0 0 9c0,3 0,4 -1,5 0,1 0,2 -1,2 0,1 -1,1 -2,2 -1,0 -2,0 -3,0 -2,0 -3,0 -4,0 -1,-1 -1,-1 -2,-2 0,-1 -1,-1 -1,-2 0,-1 0,-2 0,-4l0 -10zm16 18l6 -9 -6 -9 4 0 4 5 3 -5 5 0 -6 9 6 9 -4 0 -4 -6 -4 6 -4 0zm-23 11l8 0c1,0 2,0 3,0 0,0 1,0 2,1 0,0 1,0 1,1 0,1 0,1 0,2 0,1 0,2 0,2 -1,1 -1,2 -2,2 1,0 2,1 2,2 1,0 1,1 1,2 0,1 0,2 0,3 -1,0 -1,1 -2,1 0,1 -1,1 -2,1 -1,0 -2,0 -4,0l-7 0 0 -17zm4 3l0 4 2 0c2,0 3,0 3,0 1,0 1,-1 1,-1 1,0 1,-1 1,-1 0,-1 0,-1 0,-2 -1,0 -1,0 -2,0 0,0 -1,0 -3,0l-2 0zm0 7l0 4 3 0c2,0 2,0 3,0 0,0 1,0 1,0 0,-1 1,-1 1,-2 0,0 0,-1 -1,-1 0,-1 0,-1 -1,-1 0,0 -1,0 -3,0l-3 0zm25 4l0 3 -12 0c0,-1 1,-2 1,-3 1,-1 2,-3 4,-4 2,-2 3,-3 3,-3 0,-1 1,-2 1,-2 0,-1 -1,-2 -1,-2 0,0 -1,-1 -2,-1 0,0 -1,1 -1,1 -1,0 -1,1 -1,2l-3 0c0,-2 0,-3 1,-4 2,-1 3,-1 4,-1 2,0 4,0 5,1 1,1 1,2 1,3 0,1 0,2 0,3 -1,0 -1,1 -2,2 0,1 -1,1 -2,2 -1,1 -2,2 -2,2 0,1 -1,1 -1,1l7 0z"/>
   <circle class="path-fil6" cx="881" cy="425" r="56"/>
   <path class="path-fil7" d="M856 420l0 -18 4 0 0 15 8 0 0 3 -12 0zm15 -18l4 0 0 10c0,1 0,2 0,3 0,0 0,1 1,1 0,1 1,1 2,1 1,0 2,0 2,-1 1,0 1,-1 1,-1 0,-1 1,-2 1,-3l0 -10 3 0 0 9c0,2 0,4 0,5 0,1 -1,1 -1,2 -1,1 -1,1 -2,1 -1,1 -2,1 -4,1 -1,0 -3,0 -4,-1 0,0 -1,-1 -2,-1 0,-1 0,-1 -1,-2 0,-1 0,-3 0,-5l0 -9zm16 18l6 -10 -5 -8 4 0 3 5 4 -5 4 0 -6 8 7 10 -5 0 -4 -6 -4 6 -4 0zm-22 10l7 0c1,0 2,1 3,1 1,0 1,0 2,0 0,1 1,1 1,2 1,0 1,1 1,2 0,1 0,2 -1,2 0,1 -1,1 -2,2 1,0 2,1 3,1 0,1 1,2 1,3 0,1 0,2 -1,2 0,1 -1,2 -1,2 -1,1 -2,1 -3,1 0,0 -2,0 -4,0l-6 0 0 -18zm3 3l0 5 3 0c1,0 2,-1 2,-1 1,0 1,0 2,0 0,-1 0,-1 0,-2 0,0 0,-1 0,-1 0,0 -1,0 -1,-1 -1,0 -2,0 -4,0l-2 0zm0 7l0 5 4 0c1,0 2,0 2,0 1,0 1,0 2,-1 0,0 0,0 0,-1 0,-1 0,-1 0,-1 -1,-1 -1,-1 -1,-1 -1,0 -2,-1 -4,-1l-3 0zm14 4l3 -1c0,1 1,2 1,2 0,0 1,1 2,1 0,0 1,-1 1,-1 1,-1 1,-1 1,-2 0,-1 0,-2 -1,-2 0,-1 -1,-1 -1,-1 -1,0 -1,0 -2,0l1 -3c1,0 1,0 2,0 0,-1 0,-1 0,-2 0,0 0,-1 0,-1 0,-1 -1,-1 -2,-1 0,0 -1,0 -1,1 0,0 -1,1 -1,2l-3 -1c0,-1 1,-2 1,-3 1,0 1,-1 2,-1 1,0 2,-1 3,-1 1,0 3,1 4,2 0,1 1,2 1,3 0,2 -1,3 -3,4 1,0 2,0 3,1 0,1 1,2 1,3 0,1 -1,3 -2,4 -1,1 -3,2 -4,2 -2,0 -3,-1 -4,-2 -1,-1 -2,-2 -2,-3z"/>
   <circle class="path-fil6" cx="1134" cy="425" r="56"/>
   <path class="path-fil7" d="M1109 420l0 -18 4 0 0 15 9 0 0 3 -13 0zm15 -18l4 0 0 10c0,1 0,2 0,3 0,0 1,1 1,1 1,1 2,1 3,1 1,0 1,0 2,-1 0,0 1,0 1,-1 0,-1 0,-2 0,-3l0 -10 4 0 0 9c0,3 -1,4 -1,5 0,1 0,2 -1,2 0,1 -1,1 -2,2 -1,0 -2,0 -3,0 -2,0 -3,0 -4,0 -1,-1 -2,-1 -2,-2 -1,-1 -1,-1 -1,-2 0,-1 -1,-2 -1,-4l0 -10zm16 18l7 -9 -6 -9 4 0 4 5 3 -5 4 0 -5 9 6 9 -4 0 -4 -6 -4 6 -5 0zm-22 11l7 0c2,0 3,0 3,0 1,0 2,0 2,1 1,0 1,0 2,1 0,1 0,1 0,2 0,1 0,2 0,2 -1,1 -2,2 -2,2 1,0 2,1 2,2 1,0 1,1 1,2 0,1 0,2 0,3 -1,0 -1,1 -2,1 -1,1 -1,1 -2,1 -1,0 -2,0 -5,0l-6 0 0 -17zm4 3l0 4 2 0c2,0 2,0 3,0 0,0 1,-1 1,-1 1,0 1,-1 1,-1 0,-1 0,-1 -1,-2 0,0 0,0 -1,0 0,0 -1,0 -3,0l-2 0zm0 7l0 4 3 0c1,0 2,0 3,0 0,0 1,0 1,0 0,-1 0,-1 0,-2 0,0 0,-1 0,-1 0,-1 -1,-1 -1,-1 -1,0 -2,0 -3,0l-3 0zm20 7l0 -3 -7 0 0 -3 7 -11 3 0 0 11 2 0 0 3 -2 0 0 3 -3 0zm0 -6l0 -6 -4 6 4 0z"/>
   <circle class="path-fil6" cx="1387" cy="425" r="56"/>
   <path class="path-fil7" d="M1363 420l0 -18 3 0 0 15 9 0 0 3 -12 0zm15 -18l3 0 0 10c0,1 0,2 1,3 0,0 0,1 1,1 0,1 1,1 2,1 1,0 2,0 2,-1 1,0 1,-1 1,-1 0,-1 0,-2 0,-3l0 -10 4 0 0 9c0,2 0,4 0,5 -1,1 -1,1 -1,2 -1,1 -2,1 -3,1 0,1 -2,1 -3,1 -2,0 -3,0 -4,-1 -1,0 -1,-1 -2,-1 0,-1 -1,-1 -1,-2 0,-1 0,-3 0,-5l0 -9zm16 18l6 -10 -6 -8 5 0 3 5 4 -5 4 0 -6 8 6 10 -4 0 -4 -6 -4 6 -4 0zm-22 10l7 0c1,0 2,1 3,1 1,0 1,0 2,0 0,1 1,1 1,2 0,0 1,1 1,2 0,1 -1,2 -1,2 -1,1 -1,1 -2,2 1,0 2,1 3,1 0,1 0,2 0,3 0,1 0,2 0,2 0,1 -1,2 -2,2 0,1 -1,1 -2,1 -1,0 -2,0 -4,0l-6 0 0 -18zm3 3l0 5 3 0c1,0 2,-1 2,-1 1,0 1,0 2,0 0,-1 0,-1 0,-2 0,0 0,-1 0,-1 -1,0 -1,0 -2,-1 0,0 -1,0 -3,0l-2 0zm0 7l0 5 4 0c1,0 2,0 2,0 0,0 1,0 1,-1 1,0 1,0 1,-1 0,-1 0,-1 -1,-1 0,-1 0,-1 -1,-1 0,0 -1,-1 -3,-1l-3 0zm14 4l3 -1c0,1 1,2 1,2 0,1 1,1 2,1 0,0 1,0 1,-1 1,-1 1,-2 1,-3 0,-1 0,-2 -1,-2 0,-1 -1,-1 -1,-1 -1,0 -2,0 -3,1l-3 0 2 -9 9 0 0 3 -7 0 0 3c1,0 1,-1 2,-1 2,0 3,1 4,2 1,1 2,2 2,4 0,2 -1,3 -2,4 -1,2 -2,3 -4,3 -2,0 -3,-1 -4,-2 -1,-1 -2,-2 -2,-3z"/>
   <polygon class="path-fil9" points="80,58 1484,58 1484,182 80,182 "/>
   <circle class="path-fil10" cx="782" cy="1048" r="84"/>
   <path class="path-fil11" d="M715 1037l4 0c0,1 1,2 1,2 1,1 2,1 3,1 1,0 2,0 3,-1 0,0 1,-1 1,-1 0,-1 -1,-1 -1,-1 0,-1 -1,-1 -1,-1 -1,0 -2,-1 -3,-1 -2,-1 -4,-1 -4,-2 -1,-1 -2,-2 -2,-4 0,-1 0,-1 1,-2 0,-1 1,-2 2,-2 1,-1 2,-1 4,-1 2,0 4,1 5,2 1,1 2,2 2,4l-4 0c0,-1 0,-2 -1,-2 -1,0 -1,-1 -2,-1 -1,0 -2,1 -3,1 0,0 0,1 0,1 0,1 0,1 0,1 1,1 2,1 4,2 1,0 3,0 4,1 0,0 1,1 2,2 0,1 0,2 0,3 0,1 0,2 -1,3 0,1 -1,1 -2,2 -1,0 -2,0 -4,0 -2,0 -4,0 -5,-1 -2,-1 -2,-3 -3,-5zm35 6l-4 0 -2 -4 -7 0 -1 4 -4 0 7 -18 4 0 7 18zm-7 -7l-2 -7 -3 7 5 0zm-6 -13l2 -4 4 0 2 4 -3 0 -1 -2 -1 2 -3 0zm15 20l0 -18 4 0 7 12 0 -12 4 0 0 18 -4 0 -7 -12 0 12 -4 0zm26 0l0 -18 4 0 0 8 7 -8 5 0 -7 7 8 11 -5 0 -5 -9 -3 3 0 6 -4 0zm19 0l0 -18 3 0 0 7 8 0 0 -7 3 0 0 18 -3 0 0 -8 -8 0 0 8 -3 0zm35 0l-4 0 -2 -4 -7 0 -2 4 -4 0 7 -18 4 0 8 18zm-7 -7l-3 -7 -2 7 5 0zm-3 -13l-1 1 -2 0 2 -2 3 0 2 2 -2 0 -2 -1zm-1 -1l1 -2 4 0 -3 2 -2 0zm13 3l3 0 0 10c0,1 1,2 1,3 0,0 0,1 1,2 0,0 1,0 2,0 1,0 2,0 3,0 0,-1 0,-1 1,-2 0,-1 0,-2 0,-3l0 -10 3 0 0 9c0,3 0,4 0,5 0,1 0,2 -1,2 -1,1 -1,1 -2,2 -1,0 -2,0 -4,0 -1,0 -3,0 -4,0 -1,-1 -1,-1 -2,-2 0,0 -1,-1 -1,-2 0,-1 0,-2 0,-5l0 -9zm-77 47l0 -19 6 0c2,0 4,0 5,1 1,0 1,1 2,1 1,1 1,3 1,4 0,1 0,2 0,3 -1,1 -1,1 -2,2 -1,0 -1,0 -2,1 -1,0 -2,0 -4,0l-2 0 0 7 -4 0zm4 -15l0 5 2 0c1,0 2,0 3,-1 0,0 1,0 1,0 0,-1 0,-1 0,-2 0,-1 0,-1 0,-2 -1,0 -1,0 -2,0 0,0 -1,0 -2,0l-2 0zm13 15l0 -19 4 0 0 8 7 0 0 -8 4 0 0 19 -4 0 0 -8 -7 0 0 8 -4 0zm19 -19l4 0 0 10c0,2 0,3 0,3 0,1 0,2 1,2 1,1 1,1 2,1 1,0 2,0 3,-1 0,0 1,-1 1,-1 0,-1 0,-2 0,-3l0 -11 4 0 0 10c0,2 0,4 -1,5 0,1 0,1 -1,2 0,1 -1,1 -2,2 -1,0 -2,0 -4,0 -1,0 -3,0 -4,0 0,-1 -1,-1 -2,-2 0,-1 -1,-1 -1,-2 0,-1 0,-3 0,-5l0 -10zm6 24l0 -4 3 0 0 4 -3 0z"/>
   <path class="path-fil11" d="M594 134l6 -1c0,2 1,4 2,5 1,1 3,1 5,1 2,0 3,0 4,-1 1,-1 2,-2 2,-3 0,-1 0,-1 -1,-2 0,0 -1,-1 -2,-1 -1,-1 -3,-1 -5,-2 -4,0 -6,-2 -7,-3 -2,-1 -3,-4 -3,-6 0,-2 0,-3 1,-5 1,-1 2,-2 4,-3 2,0 4,-1 6,-1 4,0 7,1 9,3 2,2 3,4 3,7l-6 0c0,-2 -1,-3 -2,-4 -1,0 -2,-1 -4,-1 -2,0 -3,1 -4,2 -1,0 -1,1 -1,2 0,0 0,1 1,1 1,1 3,2 6,3 3,0 5,1 6,2 2,1 3,2 4,3 1,1 1,3 1,5 0,2 0,3 -1,5 -1,2 -3,3 -5,3 -1,1 -4,2 -6,2 -4,0 -7,-1 -9,-3 -3,-2 -4,-5 -4,-8zm59 10l-7 0 -3 -7 -12 0 -3 7 -7 0 12 -31 7 0 13 31zm-12 -12l-4 -12 -4 12 8 0zm-11 -22l4 -6 6 0 4 6 -4 0 -3 -3 -2 3 -5 0zm26 34l0 -31 6 0 13 21 0 -21 6 0 0 31 -6 0 -13 -21 0 21 -6 0zm44 0l0 -31 6 0 0 14 13 -14 8 0 -11 12 12 19 -8 0 -9 -15 -5 6 0 9 -6 0zm31 0l0 -31 7 0 0 12 12 0 0 -12 6 0 0 31 -6 0 0 -14 -12 0 0 14 -7 0zm60 0l-7 0 -2 -7 -13 0 -3 7 -6 0 12 -31 7 0 12 31zm-11 -12l-5 -12 -4 12 9 0zm-5 -22l-2 2 -4 0 4 -3 4 0 5 3 -4 0 -3 -2zm-2 -2l2 -3 7 0 -6 3 -3 0zm21 5l7 0 0 17c0,2 0,4 0,5 0,1 1,2 2,3 1,1 2,1 4,1 2,0 3,0 4,-1 1,-1 2,-2 2,-3 0,-1 0,-2 0,-5l0 -17 6 0 0 16c0,4 0,7 0,8 -1,2 -1,3 -2,4 -1,1 -2,2 -4,3 -1,0 -3,1 -6,1 -3,0 -5,-1 -6,-1 -2,-1 -3,-2 -4,-3 -1,-1 -2,-2 -2,-4 0,-1 -1,-4 -1,-8l0 -16zm64 19l6 2c-1,4 -2,6 -4,8 -3,2 -5,3 -9,3 -4,0 -7,-2 -10,-5 -3,-3 -4,-6 -4,-11 0,-6 1,-10 4,-13 3,-2 6,-4 11,-4 4,0 7,1 9,4 1,1 3,3 3,5l-6 2c0,-2 -1,-3 -2,-4 -2,-1 -3,-1 -5,-1 -2,0 -4,0 -5,2 -2,2 -2,4 -2,8 0,4 0,7 2,9 1,1 3,2 5,2 2,0 3,0 5,-1 1,-2 2,-3 2,-6zm12 12l0 -31 6 0 0 12 12 0 0 -12 7 0 0 31 -7 0 0 -14 -12 0 0 14 -6 0zm31 0l0 -31 6 0 0 31 -6 0zm-1 -34l3 -6 7 0 -6 6 -4 0zm13 34l0 -31 7 0 12 21 0 -21 6 0 0 31 -6 0 -13 -21 0 21 -6 0zm32 0l0 -31 6 0 0 12 13 0 0 -12 6 0 0 31 -6 0 0 -14 -13 0 0 14 -6 0z"/>
   <path class="path-fil11" d="M100 1198l-5 0 -2 -5 -9 0 -2 5 -5 0 9 -23 5 0 9 23zm-9 -9l-3 -8 -3 8 6 0zm-12 35l9 0c2,0 4,0 4,0 1,0 2,1 3,1 1,1 1,1 2,2 0,1 0,2 0,3 0,1 0,2 -1,3 0,1 -1,1 -2,2 2,0 3,1 3,2 1,1 1,2 1,3 0,1 0,2 0,3 -1,1 -1,2 -2,3 -1,0 -2,1 -3,1 -1,0 -3,0 -6,0l-8 0 0 -23zm5 4l0 5 3 0c2,0 3,0 3,0 1,0 2,0 2,-1 1,0 1,-1 1,-2 0,0 0,-1 -1,-1 0,-1 -1,-1 -2,-1 0,0 -1,0 -3,0l-3 0zm0 9l0 6 4 0c2,0 3,0 3,0 1,0 2,0 2,-1 0,0 1,-1 1,-2 0,-1 0,-1 -1,-2 0,0 -1,-1 -1,-1 -1,0 -2,0 -4,0l-4 0zm10 50l4 2c0,2 -1,4 -3,5 -2,1 -4,2 -6,2 -3,0 -6,-1 -8,-3 -2,-2 -3,-5 -3,-9 0,-4 1,-7 3,-9 2,-2 5,-3 8,-3 3,0 5,1 7,3 1,1 2,2 2,4l-4 1c-1,-1 -1,-2 -2,-3 -1,-1 -2,-1 -3,-1 -2,0 -3,1 -4,2 -1,1 -2,3 -2,6 0,3 1,5 2,6 1,1 2,2 4,2 1,0 2,0 3,-1 1,-1 2,-2 2,-4zm-15 34l9 0c2,0 3,0 4,1 1,0 3,1 4,2 0,1 1,2 2,4 0,1 0,3 0,5 0,2 0,3 0,5 -1,2 -2,3 -3,4 -1,1 -2,1 -3,2 -1,0 -2,0 -4,0l-9 0 0 -23zm5 4l0 15 3 0c2,0 3,0 3,0 1,0 1,0 2,-1 0,0 1,-1 1,-2 1,-1 1,-2 1,-4 0,-2 0,-3 -1,-4 0,-1 -1,-2 -1,-3 -1,0 -1,0 -2,-1 -1,0 -2,0 -4,0l-2 0zm-5 68l0 -23 17 0 0 4 -12 0 0 5 11 0 0 4 -11 0 0 6 13 0 0 4 -18 0zm0 49l0 -23 16 0 0 3 -11 0 0 6 10 0 0 4 -10 0 0 10 -5 0zm11 40l0 -4 10 0 0 9c-1,1 -2,2 -4,3 -2,0 -4,1 -6,1 -2,0 -4,-1 -6,-2 -2,-1 -3,-2 -4,-4 -1,-2 -2,-4 -2,-6 0,-3 1,-5 2,-7 1,-2 2,-3 4,-4 2,-1 4,-1 6,-1 3,0 5,0 7,2 1,1 2,2 3,5l-5 0c0,-1 -1,-2 -2,-2 -1,-1 -2,-1 -3,-1 -2,0 -4,0 -5,2 -1,1 -2,3 -2,5 0,3 1,5 2,7 1,1 3,2 5,2 1,0 2,-1 3,-1 1,0 2,-1 2,-1l0 -3 -5 0zm-11 57l0 -23 5 0 0 9 9 0 0 -9 5 0 0 23 -5 0 0 -10 -9 0 0 10 -5 0zm8 25l5 0 0 15c0,2 0,3 0,4 -1,2 -2,3 -3,4 -1,1 -3,1 -5,1 -2,0 -4,-1 -5,-2 -1,-1 -2,-3 -2,-6l5 0c0,1 0,2 0,3 1,1 2,1 3,1 1,0 1,0 2,-1 0,-1 0,-2 0,-4l0 -15zm-8 72l0 -23 5 0 0 10 9 -10 7 0 -9 9 9 14 -6 0 -6 -11 -4 4 0 7 -5 0z"/>
   <path class="path-fil11" d="M562 1198l-5 0 -2 -5 -9 0 -2 5 -5 0 9 -23 5 0 9 23zm-9 -9l-3 -8 -3 8 6 0zm-12 35l9 0c2,0 4,0 4,0 1,0 2,1 3,1 1,1 1,1 2,2 0,1 0,2 0,3 0,1 0,2 -1,3 0,1 -1,1 -2,2 1,0 3,1 3,2 1,1 1,2 1,3 0,1 0,2 0,3 -1,1 -1,2 -2,3 -1,0 -2,1 -3,1 -1,0 -3,0 -6,0l-8 0 0 -23zm5 4l0 5 3 0c2,0 3,0 3,0 1,0 2,0 2,-1 1,0 1,-1 1,-2 0,0 0,-1 -1,-1 0,-1 -1,-1 -2,-1 0,0 -1,0 -4,0l-2 0zm0 9l0 6 4 0c2,0 3,0 3,0 1,0 2,0 2,-1 0,0 1,-1 1,-2 0,-1 -1,-1 -1,-2 0,0 -1,-1 -1,-1 -1,0 -2,0 -4,0l-4 0zm10 50l4 2c0,2 -1,4 -3,5 -2,1 -4,2 -6,2 -3,0 -6,-1 -8,-3 -2,-2 -3,-5 -3,-9 0,-4 1,-7 3,-9 2,-2 5,-3 8,-3 3,0 5,1 7,3 1,1 2,2 2,4l-4 1c-1,-1 -1,-2 -2,-3 -1,-1 -2,-1 -3,-1 -2,0 -3,1 -4,2 -1,1 -2,3 -2,6 0,3 1,5 2,6 1,1 2,2 4,2 1,0 2,0 3,-1 1,-1 1,-2 2,-4zm-15 34l9 0c2,0 3,0 4,1 1,0 3,1 3,2 1,1 2,2 3,4 0,1 0,3 0,5 0,2 0,3 0,5 -1,2 -2,3 -3,4 -1,1 -2,1 -3,2 -1,0 -2,0 -4,0l-9 0 0 -23zm5 4l0 15 3 0c2,0 2,0 3,0 1,0 1,0 2,-1 0,0 1,-1 1,-2 0,-1 1,-2 1,-4 0,-2 -1,-3 -1,-4 0,-1 -1,-2 -1,-3 -1,0 -1,0 -2,-1 -1,0 -2,0 -4,0l-2 0zm-5 68l0 -23 17 0 0 4 -12 0 0 5 11 0 0 4 -11 0 0 6 13 0 0 4 -18 0zm0 49l0 -23 16 0 0 3 -11 0 0 6 9 0 0 4 -9 0 0 10 -5 0zm11 40l0 -4 10 0 0 9c-1,1 -3,2 -4,3 -2,0 -4,1 -6,1 -2,0 -4,-1 -6,-2 -2,-1 -3,-2 -4,-4 -1,-2 -2,-4 -2,-6 0,-3 1,-5 2,-7 1,-2 2,-3 4,-4 2,-1 4,-1 6,-1 3,0 5,0 6,2 2,1 3,2 4,5l-5 0c0,-1 -1,-2 -2,-2 -1,-1 -2,-1 -3,-1 -2,0 -4,0 -5,2 -1,1 -2,3 -2,5 0,3 1,5 2,7 1,1 3,2 5,2 1,0 2,-1 3,-1 1,0 1,-1 2,-1l0 -3 -5 0zm-11 57l0 -23 5 0 0 9 9 0 0 -9 5 0 0 23 -5 0 0 -10 -9 0 0 10 -5 0zm8 25l5 0 0 15c0,2 0,3 0,4 -1,2 -2,3 -3,4 -1,1 -3,1 -5,1 -2,0 -4,-1 -5,-2 -1,-1 -2,-3 -2,-6l5 0c0,1 0,2 0,3 1,1 2,1 3,1 1,0 1,0 2,-1 0,-1 0,-2 0,-4l0 -15zm-8 72l0 -23 5 0 0 10 9 -10 7 0 -9 9 9 14 -6 0 -6 -11 -4 4 0 7 -5 0z"/>
   <path class="path-fil11" d="M1024 1198l-5 0 -2 -5 -9 0 -2 5 -5 0 9 -23 5 0 9 23zm-9 -9l-3 -8 -3 8 6 0zm-12 35l9 0c2,0 3,0 4,0 1,0 2,1 3,1 0,1 1,1 2,2 0,1 0,2 0,3 0,1 0,2 -1,3 0,1 -1,1 -2,2 1,0 3,1 3,2 1,1 1,2 1,3 0,1 0,2 0,3 -1,1 -1,2 -2,3 -1,0 -2,1 -3,1 -1,0 -3,0 -6,0l-8 0 0 -23zm5 4l0 5 3 0c2,0 3,0 3,0 1,0 2,0 2,-1 1,0 1,-1 1,-2 0,0 0,-1 -1,-1 0,-1 -1,-1 -2,-1 0,0 -1,0 -4,0l-2 0zm0 9l0 6 4 0c2,0 3,0 3,0 1,0 2,0 2,-1 0,0 1,-1 1,-2 0,-1 -1,-1 -1,-2 0,0 -1,-1 -1,-1 -1,0 -2,0 -4,0l-4 0zm10 50l4 2c0,2 -2,4 -3,5 -2,1 -4,2 -6,2 -3,0 -6,-1 -8,-3 -2,-2 -3,-5 -3,-9 0,-4 1,-7 3,-9 2,-2 5,-3 8,-3 3,0 5,1 7,3 1,1 2,2 2,4l-4 1c-1,-1 -1,-2 -2,-3 -1,-1 -2,-1 -3,-1 -2,0 -3,1 -4,2 -1,1 -2,3 -2,6 0,3 1,5 2,6 1,1 2,2 4,2 1,0 2,0 3,-1 1,-1 1,-2 2,-4zm-15 34l9 0c1,0 3,0 4,1 1,0 2,1 3,2 1,1 2,2 3,4 0,1 0,3 0,5 0,2 0,3 0,5 -1,2 -2,3 -3,4 -1,1 -2,1 -3,2 -1,0 -2,0 -4,0l-9 0 0 -23zm5 4l0 15 3 0c2,0 2,0 3,0 1,0 1,0 2,-1 0,0 1,-1 1,-2 0,-1 1,-2 1,-4 0,-2 -1,-3 -1,-4 0,-1 -1,-2 -1,-3 -1,0 -1,0 -2,-1 -1,0 -2,0 -4,0l-2 0zm-5 68l0 -23 17 0 0 4 -12 0 0 5 11 0 0 4 -11 0 0 6 13 0 0 4 -18 0zm0 49l0 -23 16 0 0 3 -11 0 0 6 9 0 0 4 -9 0 0 10 -5 0zm11 40l0 -4 10 0 0 9c-1,1 -3,2 -4,3 -2,0 -4,1 -6,1 -2,0 -5,-1 -6,-2 -2,-1 -3,-2 -4,-4 -1,-2 -2,-4 -2,-6 0,-3 1,-5 2,-7 1,-2 2,-3 4,-4 2,-1 4,-1 6,-1 3,0 5,0 6,2 2,1 3,2 4,5l-5 0c0,-1 -1,-2 -2,-2 -1,-1 -2,-1 -3,-1 -2,0 -4,0 -5,2 -1,1 -2,3 -2,5 0,3 1,5 2,7 1,1 3,2 5,2 1,0 2,-1 3,-1 1,0 1,-1 2,-1l0 -3 -5 0zm-11 57l0 -23 5 0 0 9 9 0 0 -9 4 0 0 23 -4 0 0 -10 -9 0 0 10 -5 0zm8 25l5 0 0 15c0,2 0,3 0,4 -1,2 -2,3 -3,4 -1,1 -3,1 -5,1 -2,0 -4,-1 -5,-2 -1,-1 -2,-3 -2,-6l5 0c0,1 0,2 0,3 1,1 2,1 3,1 1,0 1,0 2,-1 0,-1 0,-2 0,-4l0 -15zm-8 72l0 -23 5 0 0 10 9 -10 6 0 -8 9 9 14 -6 0 -6 -11 -4 4 0 7 -5 0z"/>
   <path class="path-fil11" d="M1500 1198l-5 0 -2 -5 -9 0 -2 5 -5 0 9 -23 5 0 9 23zm-9 -9l-3 -8 -3 8 6 0zm-12 35l9 0c2,0 3,0 4,0 1,0 2,1 3,1 0,1 1,1 2,2 0,1 0,2 0,3 0,1 0,2 -1,3 0,1 -1,1 -2,2 1,0 3,1 3,2 1,1 1,2 1,3 0,1 0,2 0,3 -1,1 -1,2 -2,3 -1,0 -2,1 -3,1 -1,0 -3,0 -6,0l-8 0 0 -23zm5 4l0 5 3 0c2,0 3,0 3,0 1,0 2,0 2,-1 0,0 1,-1 1,-2 0,0 0,-1 -1,-1 0,-1 -1,-1 -2,-1 0,0 -1,0 -4,0l-2 0zm0 9l0 6 4 0c2,0 3,0 3,0 1,0 1,0 2,-1 0,0 1,-1 1,-2 0,-1 -1,-1 -1,-2 0,0 -1,-1 -1,-1 -1,0 -2,0 -4,0l-4 0zm10 50l4 2c0,2 -2,4 -3,5 -2,1 -4,2 -6,2 -3,0 -6,-1 -8,-3 -2,-2 -3,-5 -3,-9 0,-4 1,-7 3,-9 2,-2 5,-3 8,-3 3,0 5,1 7,3 1,1 2,2 2,4l-4 1c-1,-1 -1,-2 -2,-3 -1,-1 -2,-1 -3,-1 -2,0 -3,1 -4,2 -1,1 -2,3 -2,6 0,3 1,5 2,6 1,1 2,2 4,2 1,0 2,0 3,-1 1,-1 1,-2 2,-4zm-15 34l9 0c1,0 3,0 4,1 1,0 2,1 3,2 1,1 2,2 3,4 0,1 0,3 0,5 0,2 0,3 0,5 -1,2 -2,3 -3,4 -1,1 -2,1 -3,2 -1,0 -2,0 -4,0l-9 0 0 -23zm5 4l0 15 3 0c1,0 2,0 3,0 1,0 1,0 2,-1 0,0 1,-1 1,-2 0,-1 1,-2 1,-4 0,-2 -1,-3 -1,-4 0,-1 -1,-2 -1,-3 -1,0 -2,0 -2,-1 -1,0 -2,0 -4,0l-2 0zm-5 68l0 -23 17 0 0 4 -12 0 0 5 11 0 0 4 -11 0 0 6 13 0 0 4 -18 0zm0 49l0 -23 16 0 0 3 -11 0 0 6 9 0 0 4 -9 0 0 10 -5 0zm11 40l0 -4 10 0 0 9c-1,1 -3,2 -4,3 -2,0 -4,1 -6,1 -2,0 -5,-1 -6,-2 -2,-1 -3,-2 -4,-4 -1,-2 -2,-4 -2,-6 0,-3 1,-5 2,-7 1,-2 2,-3 4,-4 2,-1 4,-1 6,-1 3,0 5,0 6,2 2,1 3,2 4,5l-5 0c0,-1 -1,-2 -2,-2 -1,-1 -2,-1 -3,-1 -2,0 -4,0 -5,2 -1,1 -2,3 -2,5 0,3 1,5 2,7 1,1 3,2 5,2 1,0 2,-1 3,-1 1,0 1,-1 2,-1l0 -3 -5 0zm-11 57l0 -23 5 0 0 9 9 0 0 -9 4 0 0 23 -4 0 0 -10 -9 0 0 10 -5 0zm8 25l5 0 0 15c0,2 0,3 0,4 -1,2 -2,3 -3,4 -1,1 -3,1 -5,1 -2,0 -4,-1 -5,-2 -1,-1 -2,-3 -2,-6l5 0c0,1 0,2 0,3 1,1 2,1 3,1 1,0 1,0 2,-1 0,-1 0,-2 0,-4l0 -15zm-8 72l0 -23 5 0 0 10 9 -10 6 0 -8 9 9 14 -6 0 -6 -11 -4 4 0 7 -5 0z"/>
   <path class="path-fil11" d="M79 1740l0 -23 5 0 0 19 12 0 0 4 -17 0zm0 48l0 -23 7 0 4 16 4 -16 7 0 0 23 -4 0 0 -18 -5 18 -4 0 -5 -18 0 18 -4 0zm0 49l0 -23 5 0 9 15 0 -15 4 0 0 23 -4 0 -10 -15 0 15 -4 0zm0 49l0 -23 8 0c2,0 4,0 5,0 1,0 3,1 3,2 1,1 2,3 2,5 0,1 0,2 -1,3 0,1 -1,2 -2,2 -1,1 -1,1 -2,2 -1,0 -3,0 -5,0l-3 0 0 9 -5 0zm5 -20l0 7 2 0c2,0 3,0 4,0 1,-1 1,-1 1,-1 1,-1 1,-2 1,-2 0,-1 0,-2 -1,-2 0,-1 -1,-1 -2,-1 0,-1 -1,-1 -3,-1l-2 0zm14 65c1,1 2,2 3,2l-1 4c-1,-1 -2,-1 -2,-1 0,0 -2,-1 -3,-2 -2,0 -4,1 -5,1 -4,0 -7,-1 -9,-3 -2,-3 -3,-6 -3,-9 0,-4 1,-7 3,-9 2,-2 5,-3 8,-3 4,0 7,1 9,3 2,2 3,5 3,9 0,2 -1,3 -1,5 -1,1 -1,2 -2,3zm-4 -2c1,-1 1,-2 1,-3 1,-1 1,-2 1,-3 0,-3 -1,-5 -2,-6 -1,-2 -3,-2 -5,-2 -2,0 -3,0 -4,2 -1,1 -2,3 -2,6 0,2 1,4 2,6 1,1 2,2 4,2 1,0 2,0 2,-1 -1,0 -2,-1 -3,-1l2 -3c1,1 3,2 4,3zm-15 54l0 -23 10 0c2,0 4,0 5,0 1,1 2,2 3,3 1,1 1,2 1,3 0,2 0,3 -1,5 -1,1 -3,1 -5,2 1,0 2,1 2,2 1,0 2,2 3,3l3 5 -6 0 -3 -5c-1,-2 -2,-3 -2,-4 -1,0 -1,0 -2,0 0,-1 -1,-1 -2,-1l-1 0 0 10 -5 0zm5 -13l3 0c3,0 4,-1 4,-1 1,0 1,0 2,-1 0,0 0,-1 0,-1 0,-1 0,-2 0,-2 -1,-1 -1,-1 -2,-1 -1,0 -2,0 -4,0l-3 0 0 6zm-6 54l4 0c1,1 1,2 2,3 1,1 2,1 4,1 1,0 2,0 3,-1 1,-1 1,-1 1,-2 0,-1 0,-1 0,-2 -1,0 -1,0 -2,-1 -1,0 -2,0 -4,-1 -2,0 -4,-1 -5,-2 -1,-1 -2,-3 -2,-4 0,-2 0,-3 1,-4 0,-1 1,-2 3,-2 1,-1 2,-1 4,-1 3,0 5,1 7,2 1,1 2,3 2,5l-5 0c0,-1 0,-2 -1,-2 -1,-1 -2,-1 -3,-1 -1,0 -2,0 -3,1 0,0 -1,1 -1,1 0,1 0,1 1,2 1,0 2,1 4,1 2,1 4,1 5,2 1,0 2,1 3,2 0,1 1,2 1,4 0,1 -1,2 -1,4 -1,1 -2,2 -4,2 -1,1 -3,1 -5,1 -2,0 -5,-1 -6,-2 -2,-1 -3,-3 -3,-6zm6 56l0 -19 -6 0 0 -4 18 0 0 4 -7 0 0 19 -5 0zm-5 26l5 0 0 12c0,2 0,4 0,4 0,1 1,2 1,2 1,1 2,1 3,1 2,0 3,0 3,-1 1,0 1,-1 2,-2 0,0 0,-2 0,-3l0 -13 4 0 0 12c0,3 0,5 0,6 0,1 -1,2 -1,3 -1,0 -2,1 -3,2 -1,0 -3,0 -4,0 -3,0 -4,0 -5,-1 -2,0 -2,-1 -3,-2 -1,0 -1,-1 -1,-2 -1,-1 -1,-3 -1,-6l0 -12zm6 71l-8 -23 5 0 6 17 5 -17 5 0 -8 23 -5 0z"/>
   <path class="path-fil11" d="M541 1740l0 -23 4 0 0 19 12 0 0 4 -16 0zm-1 48l0 -23 7 0 4 16 5 -16 7 0 0 23 -5 0 0 -18 -4 18 -5 0 -4 -18 0 18 -5 0zm0 49l0 -23 5 0 9 15 0 -15 5 0 0 23 -5 0 -9 -15 0 15 -5 0zm0 49l0 -23 8 0c3,0 5,0 5,0 2,0 3,1 4,2 1,1 1,3 1,5 0,1 0,2 -1,3 0,1 -1,2 -2,2 0,1 -1,1 -2,2 -1,0 -3,0 -5,0l-3 0 0 9 -5 0zm5 -20l0 7 3 0c1,0 3,0 3,0 1,-1 1,-1 2,-1 0,-1 0,-2 0,-2 0,-1 0,-2 0,-2 -1,-1 -2,-1 -2,-1 -1,-1 -2,-1 -4,-1l-2 0zm14 65c1,1 2,2 4,2l-2 4c-1,-1 -1,-1 -2,-1 0,0 -1,-1 -3,-2 -2,0 -3,1 -5,1 -4,0 -7,-1 -9,-3 -2,-3 -3,-6 -3,-9 0,-4 1,-7 3,-9 2,-2 5,-3 9,-3 3,0 6,1 8,3 2,2 3,5 3,9 0,2 0,3 -1,5 0,1 -1,2 -2,3zm-4 -2c1,-1 1,-2 2,-3 0,-1 0,-2 0,-3 0,-3 -1,-5 -2,-6 -1,-2 -2,-2 -4,-2 -2,0 -4,0 -5,2 -1,1 -2,3 -2,6 0,2 1,4 2,6 1,1 3,2 5,2 0,0 1,0 1,-1 -1,0 -1,-1 -2,-1l1 -3c1,1 3,2 4,3zm-15 54l0 -23 10 0c3,0 4,0 6,0 1,1 2,2 2,3 1,1 1,2 1,3 0,2 0,3 -1,5 -1,1 -3,1 -5,2 1,0 2,1 3,2 0,0 1,2 2,3l3 5 -5 0 -4 -5c-1,-2 -2,-3 -2,-4 -1,0 -1,0 -2,0 0,-1 -1,-1 -2,-1l-1 0 0 10 -5 0zm5 -13l4 0c2,0 3,-1 4,-1 0,0 1,0 1,-1 0,0 0,-1 0,-1 0,-1 0,-2 0,-2 -1,-1 -1,-1 -2,-1 0,0 -1,0 -3,0l-4 0 0 6zm-6 54l5 0c0,1 1,2 1,3 1,1 2,1 4,1 1,0 2,0 3,-1 1,-1 1,-1 1,-2 0,-1 0,-1 0,-2 -1,0 -1,0 -2,-1 0,0 -2,0 -4,-1 -2,0 -4,-1 -5,-2 -1,-1 -2,-3 -2,-4 0,-2 0,-3 1,-4 1,-1 2,-2 3,-2 1,-1 3,-1 4,-1 3,0 6,1 7,2 1,1 2,3 2,5l-4 0c-1,-1 -1,-2 -2,-2 0,-1 -1,-1 -3,-1 -1,0 -2,0 -3,1 0,0 0,1 0,1 0,1 0,1 0,2 1,0 2,1 4,1 3,1 4,1 5,2 2,0 2,1 3,2 1,1 1,2 1,4 0,1 0,2 -1,4 -1,1 -2,2 -3,2 -2,1 -3,1 -5,1 -3,0 -5,-1 -7,-2 -2,-1 -2,-3 -3,-6zm7 56l0 -19 -7 0 0 -4 18 0 0 4 -7 0 0 19 -4 0zm-6 26l5 0 0 12c0,2 0,4 0,4 0,1 1,2 2,2 0,1 1,1 3,1 1,0 2,0 3,-1 0,0 1,-1 1,-2 0,0 0,-2 0,-3l0 -13 5 0 0 12c0,3 0,5 -1,6 0,1 0,2 -1,3 -1,0 -2,1 -3,2 -1,0 -2,0 -4,0 -2,0 -4,0 -5,-1 -1,0 -2,-1 -3,-2 0,0 -1,-1 -1,-2 0,-1 -1,-3 -1,-6l0 -12zm6 71l-8 -23 5 0 6 17 6 -17 5 0 -9 23 -5 0z"/>
   <path class="path-fil11" d="M1003 1740l0 -23 4 0 0 19 12 0 0 4 -16 0zm-1 48l0 -23 7 0 4 16 5 -16 7 0 0 23 -5 0 0 -18 -4 18 -5 0 -4 -18 0 18 -5 0zm0 49l0 -23 5 0 9 15 0 -15 5 0 0 23 -5 0 -9 -15 0 15 -5 0zm0 49l0 -23 8 0c3,0 5,0 5,0 2,0 3,1 4,2 1,1 1,3 1,5 0,1 0,2 -1,3 0,1 -1,2 -2,2 0,1 -1,1 -2,2 -1,0 -3,0 -5,0l-3 0 0 9 -5 0zm5 -20l0 7 3 0c1,0 3,0 3,0 1,-1 1,-1 2,-1 0,-1 0,-2 0,-2 0,-1 0,-2 -1,-2 0,-1 -1,-1 -1,-1 -1,-1 -2,-1 -4,-1l-2 0zm14 65c1,1 2,2 4,2l-2 4c-1,-1 -1,-1 -2,-1 0,0 -1,-1 -3,-2 -2,0 -3,1 -5,1 -4,0 -7,-1 -9,-3 -2,-3 -3,-6 -3,-9 0,-4 1,-7 3,-9 2,-2 5,-3 9,-3 3,0 6,1 8,3 2,2 3,5 3,9 0,2 -1,3 -1,5 -1,1 -1,2 -2,3zm-4 -2c1,-1 1,-2 2,-3 0,-1 0,-2 0,-3 0,-3 -1,-5 -2,-6 -1,-2 -3,-2 -4,-2 -2,0 -4,0 -5,2 -1,1 -2,3 -2,6 0,2 1,4 2,6 1,1 3,2 4,2 1,0 2,0 2,-1 -1,0 -2,-1 -3,-1l2 -3c1,1 3,2 4,3zm-15 54l0 -23 10 0c3,0 4,0 6,0 1,1 2,2 2,3 1,1 1,2 1,3 0,2 0,3 -1,5 -1,1 -3,1 -5,2 1,0 2,1 3,2 0,0 1,2 2,3l3 5 -5 0 -4 -5c-1,-2 -2,-3 -2,-4 -1,0 -1,0 -2,0 0,-1 -1,-1 -2,-1l-1 0 0 10 -5 0zm5 -13l3 0c3,0 4,-1 5,-1 0,0 1,0 1,-1 0,0 0,-1 0,-1 0,-1 0,-2 0,-2 -1,-1 -1,-1 -2,-1 0,0 -1,0 -3,0l-4 0 0 6zm-6 54l5 0c0,1 1,2 1,3 1,1 2,1 4,1 1,0 2,0 3,-1 1,-1 1,-1 1,-2 0,-1 0,-1 0,-2 -1,0 -1,0 -2,-1 0,0 -2,0 -4,-1 -2,0 -4,-1 -5,-2 -1,-1 -2,-3 -2,-4 0,-2 0,-3 1,-4 1,-1 2,-2 3,-2 1,-1 3,-1 4,-1 3,0 5,1 7,2 1,1 2,3 2,5l-4 0c-1,-1 -1,-2 -2,-2 0,-1 -1,-1 -3,-1 -1,0 -2,0 -3,1 0,0 -1,1 -1,1 0,1 1,1 1,2 1,0 2,1 4,1 3,1 4,1 5,2 2,0 2,1 3,2 1,1 1,2 1,4 0,1 0,2 -1,4 -1,1 -2,2 -3,2 -2,1 -3,1 -5,1 -3,0 -5,-1 -7,-2 -2,-1 -3,-3 -3,-6zm7 56l0 -19 -7 0 0 -4 18 0 0 4 -7 0 0 19 -4 0zm-6 26l5 0 0 12c0,2 0,4 0,4 0,1 1,2 2,2 0,1 1,1 3,1 1,0 2,0 3,-1 0,0 1,-1 1,-2 0,0 0,-2 0,-3l0 -13 5 0 0 12c0,3 0,5 -1,6 0,1 0,2 -1,3 -1,0 -2,1 -3,2 -1,0 -2,0 -4,0 -2,0 -4,0 -5,-1 -1,0 -2,-1 -3,-2 -1,0 -1,-1 -1,-2 0,-1 -1,-3 -1,-6l0 -12zm6 71l-8 -23 5 0 6 17 6 -17 5 0 -9 23 -5 0z"/>
   <path class="path-fil11" d="M1479 1740l0 -23 4 0 0 19 12 0 0 4 -16 0zm-1 48l0 -23 7 0 4 16 5 -16 7 0 0 23 -5 0 0 -18 -4 18 -5 0 -4 -18 0 18 -5 0zm0 49l0 -23 5 0 9 15 0 -15 5 0 0 23 -5 0 -9 -15 0 15 -5 0zm0 49l0 -23 8 0c3,0 5,0 5,0 2,0 3,1 4,2 1,1 1,3 1,5 0,1 0,2 -1,3 0,1 -1,2 -2,2 0,1 -1,1 -2,2 -1,0 -3,0 -5,0l-3 0 0 9 -5 0zm5 -20l0 7 3 0c1,0 3,0 3,0 1,-1 1,-1 2,-1 0,-1 0,-2 0,-2 0,-1 0,-2 -1,-2 0,-1 -1,-1 -1,-1 -1,-1 -2,-1 -4,-1l-2 0zm14 65c1,1 2,2 4,2l-2 4c-1,-1 -1,-1 -2,-1 0,0 -1,-1 -3,-2 -2,0 -3,1 -5,1 -4,0 -7,-1 -9,-3 -2,-3 -3,-6 -3,-9 0,-4 1,-7 3,-9 2,-2 5,-3 9,-3 3,0 6,1 8,3 2,2 3,5 3,9 0,2 -1,3 -1,5 -1,1 -1,2 -2,3zm-4 -2c1,-1 1,-2 2,-3 0,-1 0,-2 0,-3 0,-3 -1,-5 -2,-6 -1,-2 -3,-2 -4,-2 -2,0 -4,0 -5,2 -1,1 -2,3 -2,6 0,2 1,4 2,6 1,1 3,2 4,2 1,0 2,0 2,-1 -1,0 -2,-1 -3,-1l2 -3c1,1 3,2 4,3zm-15 54l0 -23 10 0c3,0 4,0 6,0 1,1 2,2 2,3 1,1 1,2 1,3 0,2 0,3 -1,5 -1,1 -3,1 -5,2 1,0 2,1 3,2 0,0 1,2 2,3l3 5 -5 0 -4 -5c-1,-2 -2,-3 -2,-4 -1,0 -1,0 -2,0 0,-1 -1,-1 -2,-1l-1 0 0 10 -5 0zm5 -13l3 0c3,0 4,-1 5,-1 0,0 1,0 1,-1 0,0 0,-1 0,-1 0,-1 0,-2 0,-2 -1,-1 -1,-1 -2,-1 0,0 -1,0 -3,0l-4 0 0 6zm-6 54l5 0c0,1 1,2 1,3 1,1 2,1 4,1 1,0 2,0 3,-1 1,-1 1,-1 1,-2 0,-1 0,-1 0,-2 -1,0 -1,0 -2,-1 0,0 -2,0 -4,-1 -2,0 -4,-1 -5,-2 -1,-1 -2,-3 -2,-4 0,-2 0,-3 1,-4 1,-1 2,-2 3,-2 1,-1 3,-1 4,-1 3,0 5,1 7,2 1,1 2,3 2,5l-4 0c-1,-1 -1,-2 -2,-2 0,-1 -1,-1 -3,-1 -1,0 -2,0 -3,1 0,0 -1,1 -1,1 0,1 1,1 1,2 1,0 2,1 4,1 3,1 4,1 5,2 2,0 2,1 3,2 1,1 1,2 1,4 0,1 0,2 -1,4 -1,1 -2,2 -3,2 -2,1 -3,1 -5,1 -3,0 -5,-1 -7,-2 -2,-1 -3,-3 -3,-6zm7 56l0 -19 -7 0 0 -4 18 0 0 4 -7 0 0 19 -4 0zm-6 26l5 0 0 12c0,2 0,4 0,4 0,1 1,2 2,2 0,1 1,1 3,1 1,0 2,0 3,-1 0,0 1,-1 1,-2 0,0 0,-2 0,-3l0 -13 5 0 0 12c0,3 0,5 -1,6 0,1 0,2 -1,3 -1,0 -2,1 -3,2 -1,0 -2,0 -4,0 -2,0 -4,0 -5,-1 -1,0 -2,-1 -3,-2 -1,0 -1,-1 -1,-2 0,-1 -1,-3 -1,-6l0 -12zm6 71l-8 -23 5 0 6 17 6 -17 4 0 -8 23 -5 0z"/>
  </g>
